Map from character to field name
A:	Australia
B:	Austria
C:	Azerbaijan
D:	Brunei
E:	Cambodia
F:	Cameroon
G:	Central African Republic
H:	China
I:	Croatia
J:	Finland
K:	France
L:	Georgia
M:	Germany
N:	Guinea
O:	Hong Kong
P:	Hungary
Q:	Iceland
R:	India
S:	Indonesia
T:	Italy
U:	Japan
V:	Kazakhstan
W:	Latvia
X:	Madagascar
Y:	Malaysia
Z:	Mauritania
[:	Na
\:	Netherlands
]:	Niger
^:	Norway
_:	Pakistan
`:	Peru
a:	Philippines
b:	Poland
c:	Russia
d:	Senegal
e:	Singapore
f:	South Korea
g:	Spain
h:	Taiwan
i:	Thailand
j:	Tunisia
k:	United Kingdom
l:	Usa
m:	Viet Nam
n:	?


Substitution rate (mu): 11.281339

Equilibrium frequencies (pi_i):
  A: 0.0214
  B: 0.0261
  C: 0.0258
  D: 0.0247
  E: 0.0244
  F: 0.0262
  G: 0.026
  H: 0.0164
  I: 0.0258
  J: 0.0235
  K: 0.0144
  L: 0.0257
  M: 0.0193
  N: 0.0262
  O: 0.0117
  P: 0.0251
  Q: 0.0259
  R: 0.0258
  S: 0.0257
  T: 0.0263
  U: 0.0141
  V: 0.0231
  W: 0.0262
  X: 0.0254
  Y: 0.0109
  Z: 0.0263
  [: 0.0152
  \: 0.0104
  ]: 0.0262
  ^: 0.0264
  _: 0.0259
  `: 0.0261
  a: 0.0252
  b: 0.0235
  c: 0.0157
  d: 0.0263
  e: 0.0242
  f: 0.0232
  g: 0.0259
  h: 0.0068
  i: 0.0186
  j: 0.0243
  k: 0.0266
  l: 0.0231
  m: 0.0142

Symmetrized rates from j->i (W_ij):
	A	B	C	D	E	F	G	H	I	J	K	L	M	N	O	P	Q	R	S	T	U	V	W	X	Y	Z	[	\	]	^	_	`	a	b	c	d	e	f	g	h	i	j	k	l	m
  A	0	0.943	0.9431	0.9423	0.943	0.9455	0.9466	0.8534	0.943	0.9419	0.9352	0.9434	0.9299	0.9434	0.9427	0.9427	0.943	0.9369	0.9427	0.9429	0.9313	0.943	0.9431	0.942	0.9329	0.9433	2.7969	1.3373	0.9449	0.943	0.9438	0.9425	0.9414	0.9426	0.9399	0.9433	0.9413	0.9426	0.9429	0.9238	0.9343	0.9429	0.9428	0.9431	0.9158
  B	0.943	0	0.9434	0.9423	0.9431	0.9454	0.9463	0.8356	0.9431	0.9418	1.4048	0.9436	1.8284	0.9436	0.9426	0.9426	0.9431	0.934	0.9428	0.943	0.9942	0.9431	0.9432	0.9416	0.9306	0.9435	0.8963	0.9181	0.9449	0.9431	0.9435	0.9425	0.9411	0.9427	0.9392	0.9434	0.9409	0.9426	0.9429	0.9191	0.9328	0.943	0.9429	0.9432	0.91
  C	0.9431	0.9434	0	0.9424	0.9432	0.9457	0.9466	0.8367	0.9433	0.9419	0.9342	0.9437	1.2651	0.9437	0.9427	0.9428	0.9432	1.1182	0.9429	0.9432	0.9272	0.9432	0.9433	0.9417	0.9308	0.9436	0.8969	0.9186	0.9452	0.9432	0.9439	0.9426	0.9412	0.943	0.9394	0.9435	0.9411	0.9427	0.9431	0.9194	0.9325	0.9432	0.9431	0.9433	0.9104
  D	0.9423	0.9423	0.9424	0	0.9423	0.9447	0.9456	0.8402	0.9423	0.941	0.9336	0.9427	0.9273	0.9427	0.9423	0.9418	0.9422	0.934	0.9422	0.9422	0.9273	0.9424	0.9424	0.9409	6.0692	0.9426	1.3474	0.9189	0.9442	0.9423	0.9429	0.9417	0.9404	0.9419	0.9389	0.9425	1.4285	0.9419	0.9421	0.9202	0.9326	0.9422	0.9421	0.9424	0.9115
  E	0.943	0.9431	0.9432	0.9423	0	0.9452	0.946	0.8416	0.9431	0.9418	0.9341	0.9435	0.9281	0.9436	0.9426	0.9426	0.9431	0.9343	0.9428	0.943	0.9278	0.9431	0.9432	0.9417	0.9314	0.9435	0.899	0.9193	0.9448	0.9431	0.9435	0.9425	0.9412	0.9427	0.9394	0.9434	0.941	0.9426	0.9429	0.9206	0.933	0.9429	0.9429	0.9432	2.2812
  F	0.9455	0.9454	0.9457	0.9447	0.9452	0	1.1788	0.8379	0.9454	0.9444	0.9369	0.946	0.9307	0.9459	0.9438	0.945	0.9454	0.9913	0.945	0.9453	0.9305	0.9452	0.9455	0.944	0.9333	0.9458	0.9175	0.9434	1.3082	0.9454	0.9516	0.9448	0.9433	0.9448	0.9409	0.9457	0.9435	0.9447	0.9453	0.9216	0.9342	0.9451	0.9453	0.9452	0.9114
  G	0.9466	0.9463	0.9466	0.9456	0.946	1.1788	0	0.8403	0.9462	0.9456	0.9389	0.9469	0.9329	0.9468	0.9443	0.946	0.9462	1.037	0.9459	0.9462	0.933	0.9459	0.9464	0.9451	0.935	0.9467	0.9348	0.965	1.1011	0.9463	0.9573	0.9456	0.9442	0.9456	0.9418	0.9466	0.9446	0.9455	0.9463	0.9234	0.9351	0.9459	0.9461	0.946	0.9122
  H	0.8534	0.8356	0.8367	0.8402	0.8416	0.8379	0.8403	0	0.8364	0.8451	1.5575	0.8372	2.5692	0.835	6.6014	0.8815	0.836	0.8413	0.8369	0.8347	4.0573	1.2698	0.8352	0.8391	1.3456	0.8348	3.1153	1.0999	0.8367	0.8344	0.8374	0.8352	0.8381	1.2673	3.9344	0.8346	0.8418	1.2689	0.8364	6.0291	2.4962	1.0737	0.8336	1.2697	4.0773
  I	0.943	0.9431	0.9433	0.9423	0.9431	0.9454	0.9462	0.8364	0	0.9417	0.9336	0.9435	1.3912	0.9436	0.9426	0.9425	0.9431	0.9339	0.9428	0.943	0.927	0.9431	0.9432	0.9416	0.9307	0.9435	0.8966	0.918	0.9449	0.9431	0.9435	0.9425	0.9411	0.9427	0.9392	0.9434	0.9409	0.9426	0.9429	0.9193	0.9324	0.9429	0.9429	0.9432	0.9103
  J	0.9419	0.9418	0.9419	0.941	0.9418	0.9444	0.9456	0.8451	0.9417	0	1.9932	1.0241	1.652	0.9577	0.9421	0.9414	1.3567	0.9352	0.9414	0.9417	1.5405	0.9419	0.9418	0.9406	0.9568	0.9512	0.9531	2.4291	0.9438	0.9417	0.9426	0.9411	0.9457	0.9415	0.9403	0.9465	0.94	0.9415	0.9423	0.9213	0.9326	0.9418	1.4021	0.9419	1.3687
  K	0.9352	1.4048	0.9342	0.9336	0.9341	0.9369	0.9389	1.5575	0.9336	1.9932	0	0.9397	8.0971	0.9353	0.9938	0.935	1.3143	0.9778	0.9335	1.8667	3.7624	0.9346	1.2011	0.9341	1.2693	0.9346	1.7337	9.3387	0.9359	0.9335	0.9355	1.4001	0.9358	0.9351	2.5102	0.9341	0.9877	0.9344	1.3578	0.928	2.8301	1.8927	1.4139	0.9346	1.38
  L	0.9434	0.9436	0.9437	0.9427	0.9435	0.946	0.9469	0.8372	0.9435	1.0241	0.9397	0	0.9309	1.1934	0.9429	0.943	0.9436	0.9347	0.9432	0.9435	0.9279	0.9435	0.9437	0.9421	0.931	1.0912	0.8982	1.2538	0.9455	0.9436	0.9441	0.9429	0.9415	0.9431	0.9396	1.0172	0.9414	0.943	0.9434	0.9196	0.9328	0.9434	0.9434	0.9436	0.9108
  M	0.9299	1.8284	1.2651	0.9273	0.9281	0.9307	0.9329	2.5692	1.3912	1.652	8.0971	0.9309	0	0.9282	0.9361	1.8558	0.9277	1.7442	0.9271	0.927	1.9413	0.9289	0.9339	0.9272	0.9309	0.9278	0.9517	4.296	0.9296	0.927	0.9299	0.9268	0.932	2.796	2.1443	0.9275	0.9273	0.9286	1.3663	0.9216	1.3041	2.3438	0.932	0.929	0.9103
  N	0.9434	0.9436	0.9437	0.9427	0.9436	0.9459	0.9468	0.835	0.9436	0.9577	0.9353	1.1934	0.9282	0	0.9428	0.943	0.9436	0.9342	0.9432	0.9435	0.9272	0.9436	0.9437	0.942	0.9307	1.2073	0.897	0.9763	0.9454	0.9436	0.944	0.943	0.9415	0.9431	0.9395	1.0808	0.9414	0.943	0.9434	0.9191	0.9326	0.9434	0.9435	0.9436	0.91
  O	0.9427	0.9426	0.9427	0.9423	0.9426	0.9438	0.9443	6.6014	0.9426	0.9421	0.9938	0.9429	0.9361	0.9428	0	0.9427	0.9426	0.939	0.9425	0.9426	1.117	0.9427	0.9427	0.942	0.9374	0.9428	0.9233	1.1249	0.9436	0.9426	0.943	0.9423	0.9417	0.9425	0.9412	0.9428	1.4081	0.9425	0.9425	0.9332	1.0245	0.9429	0.9425	0.9427	0.928
  P	0.9427	0.9426	0.9428	0.9418	0.9426	0.945	0.946	0.8815	0.9425	0.9414	0.935	0.943	1.8558	0.943	0.9427	0	0.9425	0.9351	0.9422	0.9425	0.9793	0.9427	0.9426	0.9413	0.9328	0.9429	1.1348	1.0188	0.9444	0.9425	0.9431	0.9419	0.9407	0.9422	0.9394	0.9428	0.9407	0.9422	0.9424	0.9299	0.9326	0.9424	0.9424	0.9427	0.9119
  Q	0.943	0.9431	0.9432	0.9422	0.9431	0.9454	0.9462	0.836	0.9431	1.3567	1.3143	0.9436	0.9277	0.9436	0.9426	0.9425	0	0.9338	0.9427	0.943	0.927	0.9431	0.9432	0.9416	0.9307	0.9435	0.8965	0.975	0.9449	0.9431	0.9435	0.9425	0.941	0.9426	0.9392	0.9434	0.9409	0.9426	0.9429	0.9192	0.9324	0.943	0.943	0.9431	0.9102
  R	0.9369	0.934	1.1182	0.934	0.9343	0.9913	1.037	0.8413	0.9339	0.9352	0.9778	0.9347	1.7442	0.9342	0.939	0.9351	0.9338	0	0.9336	0.9336	0.9328	0.9349	0.9338	0.9343	0.9323	0.934	1.4388	1.0618	0.9693	0.9336	1.3178	0.9331	0.9323	0.9346	0.935	0.9339	0.9335	0.9345	0.9341	0.9237	0.927	0.9345	0.9334	0.9349	0.9066
  S	0.9427	0.9428	0.9429	0.9422	0.9428	0.945	0.9459	0.8369	0.9428	0.9414	0.9335	0.9432	0.9271	0.9432	0.9425	0.9422	0.9427	0.9336	0	0.9427	0.927	0.9428	0.9429	0.9413	1.6442	0.9431	0.8982	0.918	0.9446	0.9428	0.9432	0.9421	0.9408	0.9424	0.939	0.9431	0.941	0.9423	0.9425	1.3812	0.9637	0.9426	0.9426	0.9429	1.1013
  T	0.9429	0.943	0.9432	0.9422	0.943	0.9453	0.9462	0.8347	0.943	0.9417	1.8667	0.9435	0.927	0.9435	0.9426	0.9425	0.943	0.9336	0.9427	0	0.9267	0.9431	0.9432	0.9415	0.9305	0.9434	0.8958	0.9176	0.9449	0.943	0.9435	0.9424	0.941	0.9426	0.9391	0.9433	0.9408	0.9425	0.9428	0.9189	0.9321	0.9429	0.9429	0.9431	0.9097
  U	0.9313	0.9942	0.9272	0.9273	0.9278	0.9305	0.933	4.0573	0.927	1.5405	3.7624	0.9279	1.9413	0.9272	1.117	0.9793	0.927	0.9328	0.927	0.9267	0	0.9287	0.927	0.9293	3.2167	0.927	6.025	3.6134	0.9293	0.9266	0.9291	0.9265	2.256	0.9287	0.9318	0.9269	1.2078	2.3563	1.3934	1.6238	0.9266	0.9287	0.9266	0.9287	1.4572
  V	0.943	0.9431	0.9432	0.9424	0.9431	0.9452	0.9459	1.2698	0.9431	0.9419	0.9346	0.9435	0.9289	0.9436	0.9427	0.9427	0.9431	0.9349	0.9428	0.9431	0.9287	0	0.9432	0.9418	0.932	0.9435	0.9013	0.9207	0.9447	0.9431	0.9435	0.9426	0.9413	0.9427	0.9396	0.9434	0.9412	0.9427	0.9429	0.9218	0.9335	0.943	0.943	0.9432	0.9137
  W	0.9431	0.9432	0.9433	0.9424	0.9432	0.9455	0.9464	0.8352	0.9432	0.9418	1.2011	0.9437	0.9339	0.9437	0.9427	0.9426	0.9432	0.9338	0.9429	0.9432	0.927	0.9432	0	0.9417	0.9306	0.9436	0.8961	0.918	0.945	0.9433	0.9436	0.9426	0.9411	0.9427	0.9393	0.9435	0.941	0.9427	1.1777	0.9191	0.9325	0.9431	0.9431	0.9433	0.91
  X	0.942	0.9416	0.9417	0.9409	0.9417	0.944	0.9451	0.8391	0.9416	0.9406	0.9341	0.9421	0.9272	0.942	0.942	0.9413	0.9416	0.9343	0.9413	0.9415	0.9293	0.9418	0.9417	0	0.9312	0.9419	1.0385	1.2164	0.9435	0.9416	0.9422	0.941	0.9397	0.9413	0.9386	0.9418	0.9397	0.9413	0.9414	0.9215	0.9316	0.9415	0.9414	0.9418	0.9102
  Y	0.9329	0.9306	0.9308	6.0692	0.9314	0.9333	0.935	1.3456	0.9307	0.9568	1.2693	0.931	0.9309	0.9307	0.9374	0.9328	0.9307	0.9323	1.6442	0.9305	3.2167	0.932	0.9306	0.9312	0	0.9306	19.0012	0.9335	0.9324	0.9305	0.9322	0.9303	0.9307	0.9317	0.9341	0.9306	5.4206	0.9318	0.932	2.8436	5.0131	0.9314	0.9303	0.932	2.8338
  Z	0.9433	0.9435	0.9436	0.9426	0.9435	0.9458	0.9467	0.8348	0.9435	0.9512	0.9346	1.0912	0.9278	1.2073	0.9428	0.9429	0.9435	0.934	0.9431	0.9434	0.927	0.9435	0.9436	0.9419	0.9306	0	0.8965	0.9517	0.9453	0.9435	0.9439	0.9429	0.9414	0.943	0.9394	1.3746	0.9413	0.943	0.9433	0.919	0.9325	0.9433	0.9433	0.9435	0.9099
  [	2.7969	0.8963	0.8969	1.3474	0.899	0.9175	0.9348	3.1153	0.8966	0.9531	1.7337	0.8982	0.9517	0.897	0.9233	1.1348	0.8965	1.4388	0.8982	0.8958	6.025	0.9013	0.8961	1.0385	19.0012	0.8965	0	17.2466	0.9091	0.8957	0.9131	0.8958	0.9498	0.9005	1.6486	0.8962	1.9382	0.901	0.997	26.0292	1.5107	0.8996	0.8952	0.9014	1.3157
  \	1.3373	0.9181	0.9186	0.9189	0.9193	0.9434	0.965	1.0999	0.918	2.4291	9.3387	1.2538	4.296	0.9763	1.1249	1.0188	0.975	1.0618	0.918	0.9176	3.6134	0.9207	0.918	1.2164	0.9335	0.9517	17.2466	0	0.9331	0.9175	0.9357	0.9176	1.0214	0.9203	1.5944	0.9342	1.1088	0.9206	1.0439	1.2036	1.0596	0.9201	0.9184	0.9207	1.2709
  ]	0.9449	0.9449	0.9452	0.9442	0.9448	1.3082	1.1011	0.8367	0.9449	0.9438	0.9359	0.9455	0.9296	0.9454	0.9436	0.9444	0.9449	0.9693	0.9446	0.9449	0.9293	0.9447	0.945	0.9435	0.9324	0.9453	0.9091	0.9331	0	0.9449	0.9488	0.9443	0.9428	0.9443	0.9405	0.9452	0.9429	0.9443	0.9448	0.9207	0.9337	0.9446	0.9448	0.9448	0.9109
  ^	0.943	0.9431	0.9432	0.9423	0.9431	0.9454	0.9463	0.8344	0.9431	0.9417	0.9335	0.9436	0.927	0.9436	0.9426	0.9425	0.9431	0.9336	0.9428	0.943	0.9266	0.9431	0.9433	0.9416	0.9305	0.9435	0.8957	0.9175	0.9449	0	0.9435	0.9425	0.941	0.9427	0.9391	0.9434	0.9409	0.9426	1.4144	0.9189	0.9322	0.9429	0.9429	0.9432	0.9097
  _	0.9438	0.9435	0.9439	0.9429	0.9435	0.9516	0.9573	0.8374	0.9435	0.9426	0.9355	0.9441	0.9299	0.944	0.943	0.9431	0.9435	1.3178	0.9432	0.9435	0.9291	0.9435	0.9436	0.9422	0.9322	0.9439	0.9131	0.9357	0.9488	0.9435	0	0.9429	0.9415	0.9431	0.9398	0.9438	0.9417	0.943	0.9434	0.9209	0.9329	0.9433	0.9434	0.9436	0.9107
  `	0.9425	0.9425	0.9426	0.9417	0.9425	0.9448	0.9456	0.8352	0.9425	0.9411	1.4001	0.9429	0.9268	0.943	0.9423	0.9419	0.9425	0.9331	0.9421	0.9424	0.9265	0.9426	0.9426	0.941	0.9303	0.9429	0.8958	0.9176	0.9443	0.9425	0.9429	0	0.9405	0.9421	0.9388	0.9428	0.9403	0.9421	0.9423	0.919	0.9318	0.9424	0.9423	0.9426	0.9097
  a	0.9414	0.9411	0.9412	0.9404	0.9412	0.9433	0.9442	0.8381	0.9411	0.9457	0.9358	0.9415	0.932	0.9415	0.9417	0.9407	0.941	0.9323	0.9408	0.941	2.256	0.9413	0.9411	0.9397	0.9307	0.9414	0.9498	1.0214	0.9428	0.941	0.9415	0.9405	0	0.9408	0.9381	0.9413	0.9392	0.9409	0.9409	0.9197	0.9312	0.941	0.9409	0.9414	0.9101
  b	0.9426	0.9427	0.943	0.9419	0.9427	0.9448	0.9456	1.2673	0.9427	0.9415	0.9351	0.9431	2.796	0.9431	0.9425	0.9422	0.9426	0.9346	0.9424	0.9426	0.9287	0.9427	0.9427	0.9413	0.9317	0.943	0.9005	0.9203	0.9443	0.9427	0.9431	0.9421	0.9408	0	0.9393	0.9429	0.9407	0.9423	0.9425	0.9214	0.9331	0.9426	0.9425	0.9428	0.913
  c	0.9399	0.9392	0.9394	0.9389	0.9394	0.9409	0.9418	3.9344	0.9392	0.9403	2.5102	0.9396	2.1443	0.9395	0.9412	0.9394	0.9392	0.935	0.939	0.9391	0.9318	0.9396	0.9393	0.9386	0.9341	0.9394	1.6486	1.5944	0.9405	0.9391	0.9398	0.9388	0.9381	0.9393	0	0.9393	0.9382	0.9393	0.9396	0.9278	0.9339	0.9399	0.9391	0.9397	0.921
  d	0.9433	0.9434	0.9435	0.9425	0.9434	0.9457	0.9466	0.8346	0.9434	0.9465	0.9341	1.0172	0.9275	1.0808	0.9428	0.9428	0.9434	0.9339	0.9431	0.9433	0.9269	0.9434	0.9435	0.9418	0.9306	1.3746	0.8962	0.9342	0.9452	0.9434	0.9438	0.9428	0.9413	0.9429	0.9393	0	0.9412	0.9429	0.9432	0.919	0.9324	0.9432	0.9433	0.9435	0.9098
  e	0.9413	0.9409	0.9411	1.4285	0.941	0.9435	0.9446	0.8418	0.9409	0.94	0.9877	0.9414	0.9273	0.9414	1.4081	0.9407	0.9409	0.9335	0.941	0.9408	1.2078	0.9412	0.941	0.9397	5.4206	0.9413	1.9382	1.1088	0.9429	0.9409	0.9417	0.9403	0.9392	0.9407	0.9382	0.9412	0	0.9407	0.9409	1.5019	1.8991	0.9409	0.9407	0.9412	1.3677
  f	0.9426	0.9426	0.9427	0.9419	0.9426	0.9447	0.9455	1.2689	0.9426	0.9415	0.9344	0.943	0.9286	0.943	0.9425	0.9422	0.9426	0.9345	0.9423	0.9425	2.3563	0.9427	0.9427	0.9413	0.9318	0.943	0.901	0.9206	0.9443	0.9426	0.943	0.9421	0.9409	0.9423	0.9393	0.9429	0.9407	0	0.9424	0.9216	0.9331	0.9425	0.9425	0.9427	0.9133
  g	0.9429	0.9429	0.9431	0.9421	0.9429	0.9453	0.9463	0.8364	0.9429	0.9423	1.3578	0.9434	1.3663	0.9434	0.9425	0.9424	0.9429	0.9341	0.9425	0.9428	1.3934	0.9429	1.1777	0.9414	0.932	0.9433	0.997	1.0439	0.9448	1.4144	0.9434	0.9423	0.9409	0.9425	0.9396	0.9432	0.9409	0.9424	0	0.9196	1.3241	0.9428	0.9427	0.943	0.9102
  h	0.9238	0.9191	0.9194	0.9202	0.9206	0.9216	0.9234	6.0291	0.9193	0.9213	0.928	0.9196	0.9216	0.9191	0.9332	0.9299	0.9192	0.9237	1.3812	0.9189	1.6238	0.9218	0.9191	0.9215	2.8436	0.919	26.0292	1.2036	0.9207	0.9189	0.9209	0.919	0.9197	0.9214	0.9278	0.919	1.5019	0.9216	0.9196	0	1.3914	0.9208	0.9186	0.9218	3.6707
  i	0.9343	0.9328	0.9325	0.9326	0.933	0.9342	0.9351	2.4962	0.9324	0.9326	2.8301	0.9328	1.3041	0.9326	1.0245	0.9326	0.9324	0.927	0.9637	0.9321	0.9266	0.9335	0.9325	0.9316	5.0131	0.9325	1.5107	1.0596	0.9337	0.9322	0.9329	0.9318	0.9312	0.9331	0.9339	0.9324	1.8991	0.9331	1.3241	1.3914	0	0.9334	0.932	0.9336	2.7855
  j	0.9429	0.943	0.9432	0.9422	0.9429	0.9451	0.9459	1.0737	0.9429	0.9418	1.8927	0.9434	2.3438	0.9434	0.9429	0.9424	0.943	0.9345	0.9426	0.9429	0.9287	0.943	0.9431	0.9415	0.9314	0.9433	0.8996	0.9201	0.9446	0.9429	0.9433	0.9424	0.941	0.9426	0.9399	0.9432	0.9409	0.9425	0.9428	0.9208	0.9334	0	0.9428	0.9431	0.9124
  k	0.9428	0.9429	0.9431	0.9421	0.9429	0.9453	0.9461	0.8336	0.9429	1.4021	1.4139	0.9434	0.932	0.9435	0.9425	0.9424	0.943	0.9334	0.9426	0.9429	0.9266	0.943	0.9431	0.9414	0.9303	0.9433	0.8952	0.9184	0.9448	0.9429	0.9434	0.9423	0.9409	0.9425	0.9391	0.9433	0.9407	0.9425	0.9427	0.9186	0.932	0.9428	0	0.943	0.9093
  l	0.9431	0.9432	0.9433	0.9424	0.9432	0.9452	0.946	1.2697	0.9432	0.9419	0.9346	0.9436	0.929	0.9436	0.9427	0.9427	0.9431	0.9349	0.9429	0.9431	0.9287	0.9432	0.9433	0.9418	0.932	0.9435	0.9014	0.9207	0.9448	0.9432	0.9436	0.9426	0.9414	0.9428	0.9397	0.9435	0.9412	0.9427	0.943	0.9218	0.9336	0.9431	0.943	0	0.9137
  m	0.9158	0.91	0.9104	0.9115	2.2812	0.9114	0.9122	4.0773	0.9103	1.3687	1.38	0.9108	0.9103	0.91	0.928	0.9119	0.9102	0.9066	1.1013	0.9097	1.4572	0.9137	0.91	0.9102	2.8338	0.9099	1.3157	1.2709	0.9109	0.9097	0.9107	0.9097	0.9101	0.913	0.921	0.9098	1.3677	0.9133	0.9102	3.6707	2.7855	0.9124	0.9093	0.9137	0

Actual rates from j->i (Q_ij):
	A	B	C	D	E	F	G	H	I	J	K	L	M	N	O	P	Q	R	S	T	U	V	W	X	Y	Z	[	\	]	^	_	`	a	b	c	d	e	f	g	h	i	j	k	l	m
  A	0	0.0201	0.0202	0.0201	0.0201	0.0202	0.0202	0.0182	0.0201	0.0201	0.02	0.0202	0.0199	0.0202	0.0201	0.0201	0.0201	0.02	0.0201	0.0201	0.0199	0.0201	0.0202	0.0201	0.0199	0.0202	0.0598	0.0286	0.0202	0.0201	0.0202	0.0201	0.0201	0.0201	0.0201	0.0202	0.0201	0.0201	0.0201	0.0197	0.02	0.0201	0.0201	0.0202	0.0196
  B	0.0246	0	0.0246	0.0246	0.0246	0.0247	0.0247	0.0218	0.0246	0.0246	0.0367	0.0246	0.0477	0.0246	0.0246	0.0246	0.0246	0.0244	0.0246	0.0246	0.0259	0.0246	0.0246	0.0246	0.0243	0.0246	0.0234	0.024	0.0247	0.0246	0.0246	0.0246	0.0246	0.0246	0.0245	0.0246	0.0245	0.0246	0.0246	0.024	0.0243	0.0246	0.0246	0.0246	0.0237
  C	0.0243	0.0243	0	0.0243	0.0243	0.0244	0.0244	0.0216	0.0243	0.0243	0.0241	0.0243	0.0326	0.0243	0.0243	0.0243	0.0243	0.0288	0.0243	0.0243	0.0239	0.0243	0.0243	0.0243	0.024	0.0243	0.0231	0.0237	0.0244	0.0243	0.0243	0.0243	0.0243	0.0243	0.0242	0.0243	0.0243	0.0243	0.0243	0.0237	0.0241	0.0243	0.0243	0.0243	0.0235
  D	0.0233	0.0233	0.0233	0	0.0233	0.0233	0.0234	0.0208	0.0233	0.0233	0.0231	0.0233	0.0229	0.0233	0.0233	0.0233	0.0233	0.0231	0.0233	0.0233	0.0229	0.0233	0.0233	0.0233	0.15	0.0233	0.0333	0.0227	0.0233	0.0233	0.0233	0.0233	0.0232	0.0233	0.0232	0.0233	0.0353	0.0233	0.0233	0.0227	0.023	0.0233	0.0233	0.0233	0.0225
  E	0.023	0.023	0.023	0.023	0	0.0231	0.0231	0.0206	0.023	0.023	0.0228	0.023	0.0227	0.0231	0.023	0.023	0.023	0.0228	0.023	0.023	0.0227	0.023	0.023	0.023	0.0228	0.023	0.022	0.0225	0.0231	0.023	0.023	0.023	0.023	0.023	0.0229	0.023	0.023	0.023	0.023	0.0225	0.0228	0.023	0.023	0.023	0.0557
  F	0.0247	0.0247	0.0247	0.0247	0.0247	0	0.0308	0.0219	0.0247	0.0247	0.0245	0.0247	0.0243	0.0247	0.0247	0.0247	0.0247	0.0259	0.0247	0.0247	0.0243	0.0247	0.0247	0.0247	0.0244	0.0247	0.024	0.0247	0.0342	0.0247	0.0249	0.0247	0.0247	0.0247	0.0246	0.0247	0.0247	0.0247	0.0247	0.0241	0.0244	0.0247	0.0247	0.0247	0.0238
  G	0.0246	0.0246	0.0246	0.0246	0.0246	0.0306	0	0.0218	0.0246	0.0246	0.0244	0.0246	0.0242	0.0246	0.0245	0.0246	0.0246	0.0269	0.0246	0.0246	0.0242	0.0246	0.0246	0.0246	0.0243	0.0246	0.0243	0.0251	0.0286	0.0246	0.0249	0.0246	0.0245	0.0246	0.0245	0.0246	0.0245	0.0246	0.0246	0.024	0.0243	0.0246	0.0246	0.0246	0.0237
  H	0.014	0.0137	0.0137	0.0138	0.0138	0.0138	0.0138	0	0.0137	0.0139	0.0256	0.0137	0.0422	0.0137	0.1083	0.0145	0.0137	0.0138	0.0137	0.0137	0.0666	0.0208	0.0137	0.0138	0.0221	0.0137	0.0511	0.0181	0.0137	0.0137	0.0137	0.0137	0.0138	0.0208	0.0646	0.0137	0.0138	0.0208	0.0137	0.099	0.041	0.0176	0.0137	0.0208	0.0669
  I	0.0244	0.0244	0.0244	0.0243	0.0244	0.0244	0.0244	0.0216	0	0.0243	0.0241	0.0244	0.0359	0.0244	0.0243	0.0243	0.0244	0.0241	0.0243	0.0244	0.0239	0.0244	0.0244	0.0243	0.024	0.0244	0.0232	0.0237	0.0244	0.0244	0.0244	0.0243	0.0243	0.0243	0.0243	0.0244	0.0243	0.0243	0.0243	0.0237	0.0241	0.0243	0.0243	0.0244	0.0235
  J	0.0221	0.0221	0.0221	0.0221	0.0221	0.0222	0.0222	0.0199	0.0221	0	0.0469	0.0241	0.0388	0.0225	0.0222	0.0221	0.0319	0.022	0.0221	0.0221	0.0362	0.0221	0.0221	0.0221	0.0225	0.0224	0.0224	0.0571	0.0222	0.0221	0.0222	0.0221	0.0222	0.0221	0.0221	0.0223	0.0221	0.0221	0.0222	0.0217	0.0219	0.0221	0.033	0.0221	0.0322
  K	0.0134	0.0202	0.0134	0.0134	0.0134	0.0135	0.0135	0.0224	0.0134	0.0286	0	0.0135	0.1163	0.0134	0.0143	0.0134	0.0189	0.014	0.0134	0.0268	0.054	0.0134	0.0172	0.0134	0.0182	0.0134	0.0249	0.1341	0.0134	0.0134	0.0134	0.0201	0.0134	0.0134	0.036	0.0134	0.0142	0.0134	0.0195	0.0133	0.0406	0.0272	0.0203	0.0134	0.0198
  L	0.0242	0.0242	0.0242	0.0242	0.0242	0.0243	0.0243	0.0215	0.0242	0.0263	0.0241	0	0.0239	0.0306	0.0242	0.0242	0.0242	0.024	0.0242	0.0242	0.0238	0.0242	0.0242	0.0242	0.0239	0.028	0.023	0.0322	0.0243	0.0242	0.0242	0.0242	0.0242	0.0242	0.0241	0.0261	0.0242	0.0242	0.0242	0.0236	0.0239	0.0242	0.0242	0.0242	0.0234
  M	0.018	0.0353	0.0244	0.0179	0.0179	0.018	0.018	0.0496	0.0269	0.0319	0.1563	0.018	0	0.0179	0.0181	0.0358	0.0179	0.0337	0.0179	0.0179	0.0375	0.0179	0.018	0.0179	0.018	0.0179	0.0184	0.0829	0.0179	0.0179	0.018	0.0179	0.018	0.054	0.0414	0.0179	0.0179	0.0179	0.0264	0.0178	0.0252	0.0452	0.018	0.0179	0.0176
  N	0.0248	0.0248	0.0248	0.0247	0.0248	0.0248	0.0248	0.0219	0.0248	0.0251	0.0245	0.0313	0.0244	0	0.0247	0.0248	0.0248	0.0245	0.0248	0.0248	0.0243	0.0248	0.0248	0.0247	0.0244	0.0317	0.0235	0.0256	0.0248	0.0248	0.0248	0.0247	0.0247	0.0248	0.0247	0.0284	0.0247	0.0248	0.0248	0.0241	0.0245	0.0248	0.0248	0.0248	0.0239
  O	0.011	0.011	0.011	0.011	0.011	0.011	0.011	0.077	0.011	0.011	0.0116	0.011	0.0109	0.011	0	0.011	0.011	0.0109	0.011	0.011	0.013	0.011	0.011	0.011	0.0109	0.011	0.0108	0.0131	0.011	0.011	0.011	0.011	0.011	0.011	0.011	0.011	0.0164	0.011	0.011	0.0109	0.0119	0.011	0.011	0.011	0.0108
  P	0.0237	0.0237	0.0237	0.0236	0.0237	0.0237	0.0237	0.0221	0.0236	0.0236	0.0235	0.0237	0.0466	0.0237	0.0237	0	0.0236	0.0235	0.0236	0.0236	0.0246	0.0237	0.0237	0.0236	0.0234	0.0237	0.0285	0.0256	0.0237	0.0236	0.0237	0.0236	0.0236	0.0236	0.0236	0.0237	0.0236	0.0236	0.0236	0.0233	0.0234	0.0236	0.0236	0.0237	0.0229
  Q	0.0245	0.0245	0.0245	0.0244	0.0245	0.0245	0.0245	0.0217	0.0245	0.0352	0.0341	0.0245	0.0241	0.0245	0.0244	0.0244	0	0.0242	0.0244	0.0245	0.024	0.0245	0.0245	0.0244	0.0241	0.0245	0.0232	0.0253	0.0245	0.0245	0.0245	0.0244	0.0244	0.0244	0.0244	0.0245	0.0244	0.0244	0.0244	0.0238	0.0242	0.0245	0.0245	0.0245	0.0236
  R	0.0241	0.0241	0.0288	0.0241	0.0241	0.0255	0.0267	0.0217	0.0241	0.0241	0.0252	0.0241	0.0449	0.0241	0.0242	0.0241	0.0241	0	0.024	0.024	0.024	0.0241	0.0241	0.0241	0.024	0.0241	0.0371	0.0274	0.025	0.024	0.0339	0.024	0.024	0.0241	0.0241	0.0241	0.024	0.0241	0.0241	0.0238	0.0239	0.0241	0.024	0.0241	0.0234
  S	0.0242	0.0242	0.0242	0.0242	0.0242	0.0243	0.0243	0.0215	0.0242	0.0242	0.024	0.0242	0.0238	0.0242	0.0242	0.0242	0.0242	0.024	0	0.0242	0.0238	0.0242	0.0242	0.0242	0.0422	0.0242	0.0231	0.0236	0.0242	0.0242	0.0242	0.0242	0.0241	0.0242	0.0241	0.0242	0.0242	0.0242	0.0242	0.0355	0.0247	0.0242	0.0242	0.0242	0.0283
  T	0.0248	0.0248	0.0248	0.0248	0.0248	0.0249	0.0249	0.0219	0.0248	0.0248	0.0491	0.0248	0.0244	0.0248	0.0248	0.0248	0.0248	0.0246	0.0248	0	0.0244	0.0248	0.0248	0.0248	0.0245	0.0248	0.0236	0.0241	0.0248	0.0248	0.0248	0.0248	0.0247	0.0248	0.0247	0.0248	0.0247	0.0248	0.0248	0.0242	0.0245	0.0248	0.0248	0.0248	0.0239
  U	0.0132	0.014	0.0131	0.0131	0.0131	0.0131	0.0132	0.0573	0.0131	0.0218	0.0531	0.0131	0.0274	0.0131	0.0158	0.0138	0.0131	0.0132	0.0131	0.0131	0	0.0131	0.0131	0.0131	0.0454	0.0131	0.0851	0.051	0.0131	0.0131	0.0131	0.0131	0.0319	0.0131	0.0132	0.0131	0.0171	0.0333	0.0197	0.0229	0.0131	0.0131	0.0131	0.0131	0.0206
  V	0.0218	0.0218	0.0218	0.0218	0.0218	0.0218	0.0218	0.0293	0.0218	0.0218	0.0216	0.0218	0.0215	0.0218	0.0218	0.0218	0.0218	0.0216	0.0218	0.0218	0.0215	0	0.0218	0.0218	0.0215	0.0218	0.0208	0.0213	0.0218	0.0218	0.0218	0.0218	0.0217	0.0218	0.0217	0.0218	0.0217	0.0218	0.0218	0.0213	0.0216	0.0218	0.0218	0.0218	0.0211
  W	0.0247	0.0247	0.0247	0.0246	0.0247	0.0247	0.0248	0.0218	0.0247	0.0246	0.0314	0.0247	0.0244	0.0247	0.0247	0.0247	0.0247	0.0244	0.0247	0.0247	0.0242	0.0247	0	0.0246	0.0243	0.0247	0.0234	0.024	0.0247	0.0247	0.0247	0.0247	0.0246	0.0247	0.0246	0.0247	0.0246	0.0247	0.0308	0.024	0.0244	0.0247	0.0247	0.0247	0.0238
  X	0.0239	0.0239	0.0239	0.0239	0.0239	0.024	0.024	0.0213	0.0239	0.0239	0.0237	0.0239	0.0235	0.0239	0.0239	0.0239	0.0239	0.0237	0.0239	0.0239	0.0236	0.0239	0.0239	0	0.0236	0.0239	0.0264	0.0309	0.024	0.0239	0.0239	0.0239	0.0239	0.0239	0.0238	0.0239	0.0239	0.0239	0.0239	0.0234	0.0237	0.0239	0.0239	0.0239	0.0231
  Y	0.0101	0.0101	0.0101	0.066	0.0101	0.0101	0.0102	0.0146	0.0101	0.0104	0.0138	0.0101	0.0101	0.0101	0.0102	0.0101	0.0101	0.0101	0.0179	0.0101	0.035	0.0101	0.0101	0.0101	0	0.0101	0.2066	0.0102	0.0101	0.0101	0.0101	0.0101	0.0101	0.0101	0.0102	0.0101	0.0589	0.0101	0.0101	0.0309	0.0545	0.0101	0.0101	0.0101	0.0308
  Z	0.0248	0.0248	0.0248	0.0248	0.0248	0.0249	0.0249	0.022	0.0248	0.025	0.0246	0.0287	0.0244	0.0318	0.0248	0.0248	0.0248	0.0246	0.0248	0.0248	0.0244	0.0248	0.0248	0.0248	0.0245	0	0.0236	0.025	0.0249	0.0248	0.0248	0.0248	0.0248	0.0248	0.0247	0.0362	0.0248	0.0248	0.0248	0.0242	0.0245	0.0248	0.0248	0.0248	0.0239
  [	0.0425	0.0136	0.0136	0.0205	0.0136	0.0139	0.0142	0.0473	0.0136	0.0145	0.0263	0.0136	0.0144	0.0136	0.014	0.0172	0.0136	0.0218	0.0136	0.0136	0.0915	0.0137	0.0136	0.0158	0.2885	0.0136	0	0.2618	0.0138	0.0136	0.0139	0.0136	0.0144	0.0137	0.025	0.0136	0.0294	0.0137	0.0151	0.3951	0.0229	0.0137	0.0136	0.0137	0.02
  \	0.0139	0.0095	0.0095	0.0095	0.0095	0.0098	0.01	0.0114	0.0095	0.0252	0.0969	0.013	0.0446	0.0101	0.0117	0.0106	0.0101	0.011	0.0095	0.0095	0.0375	0.0096	0.0095	0.0126	0.0097	0.0099	0.179	0	0.0097	0.0095	0.0097	0.0095	0.0106	0.0096	0.0165	0.0097	0.0115	0.0096	0.0108	0.0125	0.011	0.0095	0.0095	0.0096	0.0132
  ]	0.0248	0.0248	0.0248	0.0248	0.0248	0.0343	0.0289	0.022	0.0248	0.0248	0.0246	0.0248	0.0244	0.0248	0.0248	0.0248	0.0248	0.0254	0.0248	0.0248	0.0244	0.0248	0.0248	0.0248	0.0245	0.0248	0.0238	0.0245	0	0.0248	0.0249	0.0248	0.0247	0.0248	0.0247	0.0248	0.0247	0.0248	0.0248	0.0242	0.0245	0.0248	0.0248	0.0248	0.0239
  ^	0.0249	0.0249	0.0249	0.0248	0.0249	0.0249	0.0249	0.022	0.0249	0.0248	0.0246	0.0249	0.0244	0.0249	0.0248	0.0248	0.0249	0.0246	0.0248	0.0249	0.0244	0.0249	0.0249	0.0248	0.0245	0.0249	0.0236	0.0242	0.0249	0	0.0249	0.0248	0.0248	0.0248	0.0248	0.0249	0.0248	0.0248	0.0373	0.0242	0.0246	0.0249	0.0249	0.0249	0.024
  _	0.0245	0.0245	0.0245	0.0244	0.0245	0.0247	0.0248	0.0217	0.0245	0.0244	0.0243	0.0245	0.0241	0.0245	0.0244	0.0245	0.0245	0.0342	0.0245	0.0245	0.0241	0.0245	0.0245	0.0244	0.0242	0.0245	0.0237	0.0243	0.0246	0.0245	0	0.0244	0.0244	0.0245	0.0244	0.0245	0.0244	0.0245	0.0245	0.0239	0.0242	0.0245	0.0245	0.0245	0.0236
  `	0.0246	0.0246	0.0246	0.0246	0.0246	0.0246	0.0247	0.0218	0.0246	0.0245	0.0365	0.0246	0.0242	0.0246	0.0246	0.0246	0.0246	0.0243	0.0246	0.0246	0.0242	0.0246	0.0246	0.0245	0.0243	0.0246	0.0234	0.0239	0.0246	0.0246	0.0246	0	0.0245	0.0246	0.0245	0.0246	0.0245	0.0246	0.0246	0.024	0.0243	0.0246	0.0246	0.0246	0.0237
  a	0.0237	0.0237	0.0237	0.0237	0.0237	0.0238	0.0238	0.0211	0.0237	0.0238	0.0236	0.0237	0.0235	0.0237	0.0237	0.0237	0.0237	0.0235	0.0237	0.0237	0.0568	0.0237	0.0237	0.0237	0.0234	0.0237	0.0239	0.0257	0.0237	0.0237	0.0237	0.0237	0	0.0237	0.0236	0.0237	0.0236	0.0237	0.0237	0.0232	0.0234	0.0237	0.0237	0.0237	0.0229
  b	0.0221	0.0221	0.0221	0.0221	0.0221	0.0222	0.0222	0.0297	0.0221	0.0221	0.0219	0.0221	0.0656	0.0221	0.0221	0.0221	0.0221	0.0219	0.0221	0.0221	0.0218	0.0221	0.0221	0.0221	0.0219	0.0221	0.0211	0.0216	0.0222	0.0221	0.0221	0.0221	0.0221	0	0.022	0.0221	0.0221	0.0221	0.0221	0.0216	0.0219	0.0221	0.0221	0.0221	0.0214
  c	0.0148	0.0148	0.0148	0.0148	0.0148	0.0148	0.0148	0.0618	0.0148	0.0148	0.0394	0.0148	0.0337	0.0148	0.0148	0.0148	0.0148	0.0147	0.0148	0.0148	0.0146	0.0148	0.0148	0.0147	0.0147	0.0148	0.0259	0.0251	0.0148	0.0148	0.0148	0.0148	0.0147	0.0148	0	0.0148	0.0147	0.0148	0.0148	0.0146	0.0147	0.0148	0.0148	0.0148	0.0145
  d	0.0248	0.0248	0.0249	0.0248	0.0248	0.0249	0.0249	0.022	0.0248	0.0249	0.0246	0.0268	0.0244	0.0285	0.0248	0.0248	0.0248	0.0246	0.0248	0.0248	0.0244	0.0248	0.0248	0.0248	0.0245	0.0362	0.0236	0.0246	0.0249	0.0248	0.0249	0.0248	0.0248	0.0248	0.0247	0	0.0248	0.0248	0.0248	0.0242	0.0246	0.0248	0.0248	0.0248	0.024
  e	0.0228	0.0228	0.0228	0.0346	0.0228	0.0229	0.0229	0.0204	0.0228	0.0228	0.0239	0.0228	0.0225	0.0228	0.0341	0.0228	0.0228	0.0226	0.0228	0.0228	0.0293	0.0228	0.0228	0.0228	0.1314	0.0228	0.047	0.0269	0.0229	0.0228	0.0228	0.0228	0.0228	0.0228	0.0227	0.0228	0	0.0228	0.0228	0.0364	0.046	0.0228	0.0228	0.0228	0.0332
  f	0.0219	0.0219	0.0219	0.0219	0.0219	0.0219	0.0219	0.0295	0.0219	0.0219	0.0217	0.0219	0.0216	0.0219	0.0219	0.0219	0.0219	0.0217	0.0219	0.0219	0.0547	0.0219	0.0219	0.0219	0.0216	0.0219	0.0209	0.0214	0.0219	0.0219	0.0219	0.0219	0.0218	0.0219	0.0218	0.0219	0.0218	0	0.0219	0.0214	0.0217	0.0219	0.0219	0.0219	0.0212
  g	0.0244	0.0244	0.0244	0.0244	0.0244	0.0245	0.0245	0.0217	0.0244	0.0244	0.0352	0.0244	0.0354	0.0244	0.0244	0.0244	0.0244	0.0242	0.0244	0.0244	0.0361	0.0244	0.0305	0.0244	0.0241	0.0244	0.0258	0.027	0.0245	0.0366	0.0244	0.0244	0.0244	0.0244	0.0243	0.0244	0.0244	0.0244	0	0.0238	0.0343	0.0244	0.0244	0.0244	0.0236
  h	0.0063	0.0062	0.0062	0.0063	0.0063	0.0063	0.0063	0.041	0.0062	0.0063	0.0063	0.0062	0.0063	0.0062	0.0063	0.0063	0.0062	0.0063	0.0094	0.0062	0.011	0.0063	0.0062	0.0063	0.0193	0.0062	0.1769	0.0082	0.0063	0.0062	0.0063	0.0062	0.0062	0.0063	0.0063	0.0062	0.0102	0.0063	0.0062	0	0.0095	0.0063	0.0062	0.0063	0.0249
  i	0.0174	0.0174	0.0174	0.0174	0.0174	0.0174	0.0174	0.0465	0.0174	0.0174	0.0527	0.0174	0.0243	0.0174	0.0191	0.0174	0.0174	0.0173	0.0179	0.0174	0.0173	0.0174	0.0174	0.0173	0.0933	0.0174	0.0281	0.0197	0.0174	0.0174	0.0174	0.0173	0.0173	0.0174	0.0174	0.0174	0.0354	0.0174	0.0247	0.0259	0	0.0174	0.0174	0.0174	0.0519
  j	0.0229	0.0229	0.0229	0.0229	0.0229	0.0229	0.0229	0.026	0.0229	0.0228	0.0459	0.0229	0.0569	0.0229	0.0229	0.0229	0.0229	0.0227	0.0229	0.0229	0.0225	0.0229	0.0229	0.0228	0.0226	0.0229	0.0218	0.0223	0.0229	0.0229	0.0229	0.0229	0.0228	0.0229	0.0228	0.0229	0.0228	0.0229	0.0229	0.0223	0.0226	0	0.0229	0.0229	0.0221
  k	0.0251	0.0251	0.0251	0.025	0.0251	0.0251	0.0251	0.0222	0.0251	0.0373	0.0376	0.0251	0.0248	0.0251	0.025	0.025	0.0251	0.0248	0.025	0.0251	0.0246	0.0251	0.0251	0.025	0.0247	0.0251	0.0238	0.0244	0.0251	0.0251	0.0251	0.025	0.025	0.025	0.025	0.0251	0.025	0.025	0.0251	0.0244	0.0248	0.0251	0	0.0251	0.0242
  l	0.0218	0.0218	0.0218	0.0218	0.0218	0.0218	0.0218	0.0293	0.0218	0.0218	0.0216	0.0218	0.0215	0.0218	0.0218	0.0218	0.0218	0.0216	0.0218	0.0218	0.0214	0.0218	0.0218	0.0218	0.0215	0.0218	0.0208	0.0213	0.0218	0.0218	0.0218	0.0218	0.0217	0.0218	0.0217	0.0218	0.0217	0.0218	0.0218	0.0213	0.0216	0.0218	0.0218	0	0.0211
  m	0.013	0.013	0.013	0.013	0.0325	0.013	0.013	0.0581	0.013	0.0195	0.0197	0.013	0.013	0.013	0.0132	0.013	0.013	0.0129	0.0157	0.013	0.0208	0.013	0.013	0.013	0.0404	0.013	0.0187	0.0181	0.013	0.013	0.013	0.013	0.013	0.013	0.0131	0.013	0.0195	0.013	0.013	0.0523	0.0397	0.013	0.013	0.013	0
