{
  "generated_by": {
    "program": "augur",
    "version": "13.0.2"
  },
  "models": {
    "country": {
      "alphabet": [
        "Australia",
        "Austria",
        "Azerbaijan",
        "Brunei",
        "Cambodia",
        "Cameroon",
        "Central African Republic",
        "China",
        "Croatia",
        "Finland",
        "France",
        "Georgia",
        "Germany",
        "Guinea",
        "Hong Kong",
        "Hungary",
        "Iceland",
        "India",
        "Indonesia",
        "Italy",
        "Japan",
        "Kazakhstan",
        "Latvia",
        "Madagascar",
        "Malaysia",
        "Mauritania",
        "Na",
        "Netherlands",
        "Niger",
        "Norway",
        "Pakistan",
        "Peru",
        "Philippines",
        "Poland",
        "Russia",
        "Senegal",
        "Singapore",
        "South Korea",
        "Spain",
        "Taiwan",
        "Thailand",
        "Tunisia",
        "United Kingdom",
        "Usa",
        "Viet Nam",
        "?"
      ],
      "equilibrium_probabilities": [
        0.021366816275479306,
        0.026089960611377857,
        0.025791210763233895,
        0.024712280777587914,
        0.024429168476716993,
        0.02615953357290683,
        0.025980296589479188,
        0.01641314628806822,
        0.025822530467775495,
        0.023515097507498216,
        0.014357660407637926,
        0.025657191693310058,
        0.01930543429580958,
        0.026246386752462495,
        0.011657766741009743,
        0.025090912430503164,
        0.025929731855914386,
        0.025759380164666487,
        0.02567015917473981,
        0.026297173678828122,
        0.014120268484705422,
        0.02309780155746349,
        0.026156767751268076,
        0.025390043129056496,
        0.010874057442816052,
        0.026310520671154497,
        0.01518101845594611,
        0.010377375679330133,
        0.026234525381979453,
        0.026357153225418862,
        0.025928650519333664,
        0.026080361533795133,
        0.025178876762839905,
        0.02347157993803112,
        0.01571361509016235,
        0.02633718341569415,
        0.02424315194523088,
        0.023214350964682093,
        0.025895110778838683,
        0.006794968825025772,
        0.01861835067775547,
        0.02426021719180592,
        0.026573433422620293,
        0.023094940168837955,
        0.0142438384612024
      ],
      "rate": 11.281339457032638,
      "transition_matrix": [
        [
          0.0,
          0.9429916446836999,
          0.9431028384974666,
          0.9423123980986875,
          0.9429944606007311,
          0.9454756594572656,
          0.9465845626943067,
          0.8534172110888395,
          0.9429830358049909,
          0.9418706179321278,
          0.9351881411896377,
          0.9434268167959108,
          0.929942407274629,
          0.9434437727783855,
          0.9426813603440858,
          0.9427294818033314,
          0.9429580064201165,
          0.9369251708727565,
          0.9427094156133652,
          0.9429214909289192,
          0.9313433262461525,
          0.943025260447934,
          0.9430730721083935,
          0.9419651125496843,
          0.9328845977506142,
          0.9433449004133057,
          2.796941467548926,
          1.3372981379342785,
          0.9448935672577001,
          0.9429951189229092,
          0.9438191827147644,
          0.9424783456348308,
          0.9413668476729858,
          0.942636142936192,
          0.9398641188268908,
          0.9432574009179823,
          0.9412655923425157,
          0.9426016785140949,
          0.9428556902013701,
          0.9238412309928904,
          0.9342520380243386,
          0.9428620472438216,
          0.9428491227027617,
          0.9430724830607363,
          0.9158187540208845
        ],
        [
          0.9429916446836999,
          0.0,
          0.9433629997956308,
          0.9422684428553193,
          0.9431006616716846,
          0.9454169187481491,
          0.9462896353679952,
          0.8355921105919225,
          0.9431088240663896,
          0.9418349956325343,
          1.4048488974827045,
          0.9435624548475207,
          1.828439554405251,
          0.9435974869056607,
          0.9426245914089445,
          0.9425740808906998,
          0.9430864564917076,
          0.9339548675838103,
          0.9427609965841297,
          0.9430271933812787,
          0.994213118408176,
          0.9431289247375003,
          0.9432444161198457,
          0.9415814263440364,
          0.9306388023720027,
          0.9434992133644873,
          0.8962781396644843,
          0.9180734932012942,
          0.9449471782852512,
          0.9431148355698927,
          0.9435439453368012,
          0.9424846912481885,
          0.9411048592024025,
          0.9427021825853565,
          0.9392050370384236,
          0.9434111597449292,
          0.9409329277930458,
          0.9426413290226543,
          0.9429481474497604,
          0.9191112875690391,
          0.9327747182262571,
          0.9430244868253471,
          0.9429422715628225,
          0.9431865851947729,
          0.9099868846742375
        ],
        [
          0.9431028384974666,
          0.9433629997956308,
          0.0,
          0.9424042211024993,
          0.9432261147173764,
          0.9456846398357714,
          0.9466456542570095,
          0.8366804575244586,
          0.943287310128074,
          0.9419231816127648,
          0.9341797777343248,
          0.9436867371959659,
          1.2650946254848905,
          0.9437229756808144,
          0.9426807320292199,
          0.9427897206534389,
          0.9431964249206077,
          1.1181818585548526,
          0.9428961184987898,
          0.943160434472438,
          0.9271696766385156,
          0.9432475997398874,
          0.9433447310096731,
          0.9417229479091968,
          0.9307830065112761,
          0.9436269837311181,
          0.896933784242373,
          0.9185605625520291,
          0.9451692386205405,
          0.9432495829544392,
          0.943933763410083,
          0.9426224777490494,
          0.9412157312538094,
          0.9429950711318034,
          0.9394007638852532,
          0.9435410368933738,
          0.9410632431267782,
          0.9427369194473743,
          0.9430638011109679,
          0.9194140412146949,
          0.9325371605361582,
          0.9432269885193773,
          0.9430766279048466,
          0.9433046056489602,
          0.9104112488048947
        ],
        [
          0.9423123980986875,
          0.9422684428553193,
          0.9424042211024993,
          0.0,
          0.9423144969876803,
          0.9446867049086721,
          0.9456473147632612,
          0.8401763421390951,
          0.9422650895546697,
          0.9410156272232554,
          0.9335606833988261,
          0.9427065612849155,
          0.927342322676321,
          0.942720678988647,
          0.9422866656434794,
          0.9418160588191868,
          0.9422297228847738,
          0.933954074179061,
          0.942187612930655,
          0.9421816773961765,
          0.927337487081761,
          0.9423845082316101,
          0.9423612959677795,
          0.9409164689284855,
          6.069183497971205,
          0.9426268107849934,
          1.347376933279173,
          0.9189262365743266,
          0.9441691230195264,
          0.9422651697437977,
          0.9428551863860245,
          0.9416756842274422,
          0.9403682054128784,
          0.9419253188320151,
          0.9388828886345449,
          0.9425439236444525,
          1.4285193957692501,
          0.941891680162425,
          0.9420594469096901,
          0.9201939478477856,
          0.9326367747433885,
          0.9421654929916953,
          0.9420908624284984,
          0.9424391280043619,
          0.9114846535447352
        ],
        [
          0.9429944606007311,
          0.9431006616716846,
          0.9432261147173764,
          0.9423144969876803,
          0.0,
          0.9452343160214519,
          0.9460373757102434,
          0.8415694475024849,
          0.9430891597787584,
          0.941752815758853,
          0.9340622842020693,
          0.943522028037949,
          0.9280933082809901,
          0.9435550661760551,
          0.9426451773912958,
          0.9425746205488302,
          0.9430577348183089,
          0.9343234737285719,
          0.94283189340447,
          0.9430214868976641,
          0.9278142485556466,
          0.9431215606958891,
          0.9431952677496339,
          0.9416649936424727,
          0.9314377908161975,
          0.9434640939540342,
          0.8990331665334748,
          0.9193481339676352,
          0.9448020508832149,
          0.9431060788028828,
          0.943492452550263,
          0.9425136059440641,
          0.9411793687422696,
          0.9426786692875389,
          0.9394177560974916,
          0.943382499138601,
          0.9410485517325894,
          0.9426371765423515,
          0.9428713126243179,
          0.9206162668537956,
          0.9329749064094284,
          0.9429418248898606,
          0.9429402784796995,
          0.9431755468234553,
          2.2812001127764123
        ],
        [
          0.9454756594572656,
          0.9454169187481491,
          0.9456846398357714,
          0.9446867049086721,
          0.9452343160214519,
          0.0,
          1.1788103887738663,
          0.837859332546979,
          0.9453508819291303,
          0.9444187031045169,
          0.9369257247555299,
          0.9459562182391595,
          0.9307299274259784,
          0.9459062439709999,
          0.9438360668201949,
          0.9449878451516522,
          0.9453625763249538,
          0.9913221783854337,
          0.9450210191147368,
          0.945346097235599,
          0.9305290858080263,
          0.9451595539977716,
          0.9454938593597927,
          0.9440461950152191,
          0.9332821396524666,
          0.9457985492942307,
          0.9175203033710584,
          0.9434428804050965,
          1.3082305233072449,
          0.9454060007986478,
          0.9515722602324335,
          0.9447596434192017,
          0.9433086032858149,
          0.9447528585573793,
          0.9409481478649462,
          0.945706625487274,
          0.9435176425231933,
          0.9447085072909551,
          0.9452879923790677,
          0.921581556284144,
          0.9342017688382912,
          0.9450737990609541,
          0.9452695477522859,
          0.9452174752850687,
          0.911364343694484
        ],
        [
          0.9465845626943067,
          0.9462896353679952,
          0.9466456542570095,
          0.9456473147632612,
          0.9460373757102434,
          1.1788103887738663,
          0.0,
          0.8403147680936246,
          0.9462004319260129,
          0.9456138240314478,
          0.9389288952855264,
          0.9468835068122436,
          0.9328959455708777,
          0.9467790923102662,
          0.9443422255352506,
          0.9460321948573694,
          0.9462340192920144,
          1.037034543487828,
          0.9458780294983256,
          0.9462202587989892,
          0.9330322993819338,
          0.9459279606973199,
          0.9463521783746116,
          0.9451488738724201,
          0.9349812235147471,
          0.9466654740015564,
          0.9347710965686798,
          0.9650059568553843,
          1.1011195418653927,
          0.9462675449081099,
          0.9573342238430176,
          0.9456218129888903,
          0.9442091655624562,
          0.9455550780582789,
          0.9417656441739207,
          0.9465704808479091,
          0.9446328533050157,
          0.9455172282103306,
          0.9462555753236866,
          0.9233800334669358,
          0.9351195785607866,
          0.9458982064418398,
          0.946147564284447,
          0.9459855171295976,
          0.9122443229555743
        ],
        [
          0.8534172110888395,
          0.8355921105919225,
          0.8366804575244586,
          0.8401763421390951,
          0.8415694475024849,
          0.837859332546979,
          0.8403147680936246,
          0.0,
          0.8363822166898253,
          0.8450569083208941,
          1.5574975562586788,
          0.8372420461383581,
          2.5691614008920634,
          0.8350355950786885,
          6.601405087747815,
          0.8815496010076999,
          0.8360250123452677,
          0.8412784737810984,
          0.8369296209573291,
          0.8346881092792825,
          4.057281926095025,
          1.2698151987029394,
          0.8352470252477908,
          0.8391032269816212,
          1.3455975154880804,
          0.8347544167251895,
          3.115322115667686,
          1.0998537732438582,
          0.8367093305828164,
          0.8344295754098933,
          0.8374110044288595,
          0.8351703115048764,
          0.838124619273638,
          1.2672627826744265,
          3.934406581299417,
          0.8346217234696537,
          0.841809698863457,
          1.2689260310367931,
          0.8363760860389217,
          6.029130845494632,
          2.4962298658688336,
          1.0737289118331637,
          0.8336007009729085,
          1.269738026829261,
          4.077301295372114
        ],
        [
          0.9429830358049909,
          0.9431088240663896,
          0.943287310128074,
          0.9422650895546697,
          0.9430891597787584,
          0.9453508819291303,
          0.9462004319260129,
          0.8363822166898253,
          0.0,
          0.9416859558530282,
          0.9335743853468789,
          0.9435424104702794,
          1.3912337276843032,
          0.9435770198727458,
          0.9426114648443392,
          0.9425341254539031,
          0.9430509803549992,
          0.9338898042360159,
          0.942752400228261,
          0.943012755420745,
          0.9269759935193377,
          0.9431177940604846,
          0.9431972884962319,
          0.9415776699849294,
          0.9307052890760096,
          0.9434806414380258,
          0.8965983149483391,
          0.9180285397358239,
          0.9448941954148093,
          0.9431021800102992,
          0.9435083138624072,
          0.9424758920018327,
          0.9410685818752501,
          0.9426514169145765,
          0.9392052370854238,
          0.9433943241271001,
          0.9409258817744931,
          0.9426058154609185,
          0.9428656135144554,
          0.9193430831569073,
          0.9323741040047399,
          0.9429313131524859,
          0.9429277743438795,
          0.9431748623574122,
          0.910299924905494
        ],
        [
          0.9418706179321278,
          0.9418349956325343,
          0.9419231816127648,
          0.9410156272232554,
          0.941752815758853,
          0.9444187031045169,
          0.9456138240314478,
          0.8450569083208941,
          0.9416859558530282,
          0.0,
          1.9931568082229008,
          1.0241179013755501,
          1.6519530100602071,
          0.9576676378138024,
          0.9421256257101712,
          0.9414484063824704,
          1.3566699405918883,
          0.9352394465195261,
          0.9414000276687305,
          0.9416599513082841,
          1.5405015298361915,
          0.9418527061914445,
          0.9418426268573471,
          0.9406158093686693,
          0.9567604089746676,
          0.9511791487676501,
          0.9531324329411103,
          2.429081725338361,
          0.94377597916307,
          0.941657307119781,
          0.9425914466242736,
          0.941146588884696,
          0.9456696192541102,
          0.941465681766391,
          0.9403231753295324,
          0.9464724911933352,
          0.9399522421279471,
          0.9414553915129982,
          0.9422562166156077,
          0.9212957004289416,
          0.9325633593110202,
          0.941831401490752,
          1.4020881943060488,
          0.9419047003101423,
          1.368742156853358
        ],
        [
          0.9351881411896377,
          1.4048488974827045,
          0.9341797777343248,
          0.9335606833988261,
          0.9340622842020693,
          0.9369257247555299,
          0.9389288952855264,
          1.5574975562586788,
          0.9335743853468789,
          1.9931568082229008,
          0.0,
          0.9396663584947272,
          8.097134819457054,
          0.9353149097030765,
          0.9938012647235991,
          0.9349910840552494,
          1.314326040107516,
          0.9778487541449178,
          0.9334674299187496,
          1.866717577636371,
          3.7624123277831916,
          0.9346056097683348,
          1.2010863887145853,
          0.9340947332352453,
          1.2692578398467456,
          0.9346255406626494,
          1.7337050909879235,
          9.338673700986215,
          0.9358858917563169,
          0.933531575898171,
          0.9355219008545151,
          1.400147384488533,
          0.935830185332467,
          0.935121835908152,
          2.5102132240264377,
          0.9340806319285474,
          0.9877437550854125,
          0.934355048082447,
          1.357800513175093,
          0.9280027952163152,
          2.8300693612987904,
          1.8926826348374282,
          1.4138938703658002,
          0.93463751311242,
          1.3799947320090793
        ],
        [
          0.9434268167959108,
          0.9435624548475207,
          0.9436867371959659,
          0.9427065612849155,
          0.943522028037949,
          0.9459562182391595,
          0.9468835068122436,
          0.8372420461383581,
          0.9435424104702794,
          1.0241179013755501,
          0.9396663584947272,
          0.0,
          0.9309301211204191,
          1.1934407071602284,
          0.9428522259596241,
          0.9430059659347813,
          0.9435595114519137,
          0.9346979009573243,
          0.9432085232771817,
          0.943483152249026,
          0.9279468283932222,
          0.9435272458775917,
          0.9436608541387879,
          0.9420877722227358,
          0.9309754105096179,
          1.0911663878795688,
          0.8981720949815786,
          1.2538212832402003,
          0.9454554201630968,
          0.9435687502216874,
          0.9440812734052673,
          0.9429425677581899,
          0.9415341139573901,
          0.9430715931439208,
          0.9395592943574057,
          1.01716480304775,
          0.941407829658735,
          0.9430206332053952,
          0.9433651218632372,
          0.9196291692546454,
          0.932783903731191,
          0.9433619890800666,
          0.9434307920069221,
          0.9435839928780858,
          0.9107575275352197
        ],
        [
          0.929942407274629,
          1.828439554405251,
          1.2650946254848905,
          0.927342322676321,
          0.9280933082809901,
          0.9307299274259784,
          0.9328959455708777,
          2.5691614008920634,
          1.3912337276843032,
          1.6519530100602071,
          8.097134819457054,
          0.9309301211204191,
          0.0,
          0.9282445766097827,
          0.936149485062493,
          1.8558020775692086,
          0.9276821036896815,
          1.7442167647821416,
          0.9271032413013721,
          0.9269694371677353,
          1.9412583012659597,
          0.9289250225159823,
          0.933907370923222,
          0.9271665472212587,
          0.9308941671746717,
          0.9277979203942189,
          0.9516868482678215,
          4.29597495892082,
          0.9296312222825825,
          0.9269521572008551,
          0.9299046032698728,
          0.9268060705332016,
          0.931994252126368,
          2.7959799079231225,
          2.144333202328079,
          0.9274543725401554,
          0.9272692655729967,
          0.928576645487703,
          1.3663022316950282,
          0.9215540075560142,
          1.3040895417083422,
          2.3438099229430684,
          0.9319875419748083,
          0.9289667683162766,
          0.9103175589893933
        ],
        [
          0.9434437727783855,
          0.9435974869056607,
          0.9437229756808144,
          0.942720678988647,
          0.9435550661760551,
          0.9459062439709999,
          0.9467790923102662,
          0.8350355950786885,
          0.9435770198727458,
          0.9576676378138024,
          0.9353149097030765,
          1.1934407071602284,
          0.9282445766097827,
          0.0,
          0.9428475030555472,
          0.9430009570749369,
          0.9435776165921231,
          0.93419541362254,
          0.9432347479855021,
          0.94351816374261,
          0.9272028293798491,
          0.9435589391891575,
          0.9436984732355632,
          0.9420320433571077,
          0.9307085481677327,
          1.2072804310833523,
          0.8969784477002134,
          0.9763272590446639,
          0.9454366467999665,
          0.9436049212667591,
          0.944025544011066,
          0.9429643660373069,
          0.9415064040507003,
          0.9430921548529706,
          0.9394824559983901,
          1.0807528743806967,
          0.9413771412955405,
          0.9430407992417964,
          0.9433824716185741,
          0.9191022877077112,
          0.9325577808382978,
          0.9433858005013266,
          0.9434555133487278,
          0.9436169863228434,
          0.9100396666705314
        ],
        [
          0.9426813603440858,
          0.9426245914089445,
          0.9426807320292199,
          0.9422866656434794,
          0.9426451773912958,
          0.9438360668201949,
          0.9443422255352506,
          6.601405087747815,
          0.9426114648443392,
          0.9421256257101712,
          0.9938012647235991,
          0.9428522259596241,
          0.936149485062493,
          0.9428475030555472,
          0.0,
          0.9427496095359882,
          0.9426069697867797,
          0.9390104878966646,
          0.9424671406159402,
          0.9425852439675075,
          1.1170157337941744,
          0.9426996466859436,
          0.9426628095411252,
          0.9420417705193121,
          0.9374361148886544,
          0.9427964964242463,
          0.9232602030152813,
          1.124937680306196,
          0.9435611531117098,
          0.9426074716645423,
          0.9429536536279037,
          0.9423395636536298,
          0.9417432104859284,
          0.9424755865163738,
          0.9411536455820702,
          0.9427502693595181,
          1.4081350031006792,
          0.9424764844996257,
          0.9425379891757829,
          0.9332310121153512,
          1.0244994431693073,
          0.9428732052024863,
          0.9425323249058283,
          0.9427192845026876,
          0.9279782517462337
        ],
        [
          0.9427294818033314,
          0.9425740808906998,
          0.9427897206534389,
          0.9418160588191868,
          0.9425746205488302,
          0.9449878451516522,
          0.9460321948573694,
          0.8815496010076999,
          0.9425341254539031,
          0.9414484063824704,
          0.9349910840552494,
          0.9430059659347813,
          1.8558020775692086,
          0.9430009570749369,
          0.9427496095359882,
          0.0,
          0.942503596877023,
          0.9351273413940742,
          0.9422198769416629,
          0.9424564051563014,
          0.9792606215696922,
          0.9426546151712851,
          0.9426350780566085,
          0.9413181308007794,
          0.9328201891070595,
          0.9429034331216157,
          1.1347927362626824,
          1.018754454547748,
          0.9444428510961876,
          0.9425369567306762,
          0.9431416805831424,
          0.9419374808958674,
          0.9406993840037887,
          0.942203032621208,
          0.9393771495671784,
          0.9428189880578218,
          0.9406515591582885,
          0.9422491113801716,
          0.9424131215470937,
          0.9299298552371118,
          0.9325554439503261,
          0.9424499451971107,
          0.9423666375333389,
          0.942710074980527,
          0.9119278096279252
        ],
        [
          0.9429580064201165,
          0.9430864564917076,
          0.9431964249206077,
          0.9422297228847738,
          0.9430577348183089,
          0.9453625763249538,
          0.9462340192920144,
          0.8360250123452677,
          0.9430509803549992,
          1.3566699405918883,
          1.314326040107516,
          0.9435595114519137,
          0.9276821036896815,
          0.9435776165921231,
          0.9426069697867797,
          0.942503596877023,
          0.0,
          0.933837074395844,
          0.9427179375082737,
          0.9430243200664049,
          0.9270451351179477,
          0.9430881680298993,
          0.9432026184072845,
          0.9415509609301016,
          0.9306509430959371,
          0.943470620664186,
          0.8965049161047398,
          0.9750102768454391,
          0.9448931579382792,
          0.9430682812023575,
          0.943504440684571,
          0.942463652231071,
          0.9410318561821768,
          0.94261831544541,
          0.9392140305306118,
          0.9433746196239919,
          0.9409001241802749,
          0.9425741485323249,
          0.9428694985150692,
          0.9192398208593847,
          0.9323647680952026,
          0.9429683253828355,
          0.9429548090952414,
          0.9431454756881668,
          0.9101801620561671
        ],
        [
          0.9369251708727565,
          0.9339548675838103,
          1.1181818585548526,
          0.933954074179061,
          0.9343234737285719,
          0.9913221783854337,
          1.037034543487828,
          0.8412784737810984,
          0.9338898042360159,
          0.9352394465195261,
          0.9778487541449178,
          0.9346979009573243,
          1.7442167647821416,
          0.93419541362254,
          0.9390104878966646,
          0.9351273413940742,
          0.933837074395844,
          0.0,
          0.9335889047937791,
          0.9336355592166716,
          0.9328462096079971,
          0.9348711734426551,
          0.9338151544394707,
          0.9343305860634535,
          0.9323288659173726,
          0.9340433144319635,
          1.4388056379469447,
          1.061834213972961,
          0.9692999916367079,
          0.9336316180078388,
          1.3177630384673693,
          0.9331493530989948,
          0.932334277219165,
          0.9345927339462292,
          0.9349597874897817,
          0.9339342193405383,
          0.9334815599037397,
          0.9344779490622654,
          0.9341384521815108,
          0.9237186318650931,
          0.9269540657930437,
          0.9345183870456687,
          0.9334262550839679,
          0.9349282620847628,
          0.906574991678424
        ],
        [
          0.9427094156133652,
          0.9427609965841297,
          0.9428961184987898,
          0.942187612930655,
          0.94283189340447,
          0.9450210191147368,
          0.9458780294983256,
          0.8369296209573291,
          0.942752400228261,
          0.9414000276687305,
          0.9334674299187496,
          0.9432085232771817,
          0.9271032413013721,
          0.9432347479855021,
          0.9424671406159402,
          0.9422198769416629,
          0.9427179375082737,
          0.9335889047937791,
          0.0,
          0.9426754442183282,
          0.9269674493835174,
          0.9428212071003926,
          0.9428594253600581,
          0.9412674381042427,
          1.6442268863172431,
          0.9431385541700339,
          0.8981569552685568,
          0.9180348932436946,
          0.9445602419178931,
          0.9427634027353801,
          0.9431890156959057,
          0.9421448408553761,
          0.9407547340309431,
          0.9423512086373395,
          0.9390254561530134,
          0.9430529626212072,
          0.9409574822145961,
          0.9423110889665777,
          0.9425271965869138,
          1.3812023658625847,
          0.9636952184629628,
          0.9426161066400677,
          0.9425866093248395,
          0.942877940401331,
          1.1012515060765342
        ],
        [
          0.9429214909289192,
          0.9430271933812787,
          0.943160434472438,
          0.9421816773961765,
          0.9430214868976641,
          0.945346097235599,
          0.9462202587989892,
          0.8346881092792825,
          0.943012755420745,
          0.9416599513082841,
          1.866717577636371,
          0.943483152249026,
          0.9269694371677353,
          0.94351816374261,
          0.9425852439675075,
          0.9424564051563014,
          0.9430243200664049,
          0.9336355592166716,
          0.9426754442183282,
          0.0,
          0.9266598860242302,
          0.9430541424092354,
          0.9431906465104161,
          0.9414873694576049,
          0.9304555999831362,
          0.9434188883510061,
          0.8957586672315253,
          0.9176069275843173,
          0.944874374489109,
          0.9430297500743953,
          0.9434618366995574,
          0.9423963382950189,
          0.9409615192223985,
          0.9425768464481332,
          0.939093925652692,
          0.943329574726116,
          0.9408362711126612,
          0.9425325380457471,
          0.9428444214038563,
          0.9188979681259623,
          0.9321292907083831,
          0.9429432192100706,
          0.9428540407137822,
          0.9431122598658565,
          0.9096816665899826
        ],
        [
          0.9313433262461525,
          0.994213118408176,
          0.9271696766385156,
          0.927337487081761,
          0.9278142485556466,
          0.9305290858080263,
          0.9330322993819338,
          4.057281926095025,
          0.9269759935193377,
          1.5405015298361915,
          3.7624123277831916,
          0.9279468283932222,
          1.9412583012659597,
          0.9272028293798491,
          1.1170157337941744,
          0.9792606215696922,
          0.9270451351179477,
          0.9328462096079971,
          0.9269674493835174,
          0.9266598860242302,
          0.0,
          0.9286767219696758,
          0.9269534563538058,
          0.9293372712862411,
          3.2166572633635275,
          0.9270189547786274,
          6.025001805343307,
          3.613410937769662,
          0.9292813685283273,
          0.9266204662774359,
          0.9290579082506764,
          0.926487452882723,
          2.255978821305118,
          0.9286561494548188,
          0.9317731299901635,
          0.9268793481169555,
          1.2077819454631622,
          2.3562530393104795,
          1.3933561200714435,
          1.6237544515869984,
          0.9265533036230914,
          0.9286567618069118,
          0.9266444771516376,
          0.9287062200604509,
          1.4571672052397162
        ],
        [
          0.943025260447934,
          0.9431289247375003,
          0.9432475997398874,
          0.9423845082316101,
          0.9431215606958891,
          0.9451595539977716,
          0.9459279606973199,
          1.2698151987029394,
          0.9431177940604846,
          0.9418527061914445,
          0.9346056097683348,
          0.9435272458775917,
          0.9289250225159823,
          0.9435589391891575,
          0.9426996466859436,
          0.9426546151712851,
          0.9430881680298993,
          0.9348711734426551,
          0.9428212071003926,
          0.9430541424092354,
          0.9286767219696758,
          0.0,
          0.9432184191834594,
          0.9417778182107519,
          0.932022514709195,
          0.9434729164265887,
          0.9013482280606243,
          0.9206748282891328,
          0.9447462037843467,
          0.9431341677210555,
          0.9435099988991358,
          0.9425737372907042,
          0.9413116140305343,
          0.9427283610883718,
          0.9396420762826552,
          0.9433956949981948,
          0.9411864221394936,
          0.94268898083073,
          0.9429121549747362,
          0.9218253783988056,
          0.9335219592506993,
          0.9430141417688231,
          0.942977553171478,
          0.9431978605015944,
          0.9136941662394725
        ],
        [
          0.9430730721083935,
          0.9432444161198457,
          0.9433447310096731,
          0.9423612959677795,
          0.9431952677496339,
          0.9454938593597927,
          0.9463521783746116,
          0.8352470252477908,
          0.9431972884962319,
          0.9418426268573471,
          1.2010863887145853,
          0.9436608541387879,
          0.933907370923222,
          0.9436984732355632,
          0.9426628095411252,
          0.9426350780566085,
          0.9432026184072845,
          0.9338151544394707,
          0.9428594253600581,
          0.9431906465104161,
          0.9269534563538058,
          0.9432184191834594,
          0.0,
          0.941666701595592,
          0.930600335647605,
          0.943600970321169,
          0.8961318135514443,
          0.9180446543604083,
          0.9450318470019934,
          0.9432927244643773,
          0.9436270044976683,
          0.9426139453436433,
          0.941147926143364,
          0.9427493551718081,
          0.9392808338301949,
          0.9435133912489088,
          0.9410118442570162,
          0.9427002123830803,
          1.1776741299480207,
          0.9190684448464541,
          0.9325248042496953,
          0.9431099880851507,
          0.9430738612827542,
          0.9432762298404751,
          0.9099607242638603
        ],
        [
          0.9419651125496843,
          0.9415814263440364,
          0.9417229479091968,
          0.9409164689284855,
          0.9416649936424727,
          0.9440461950152191,
          0.9451488738724201,
          0.8391032269816212,
          0.9415776699849294,
          0.9406158093686693,
          0.9340947332352453,
          0.9420877722227358,
          0.9271665472212587,
          0.9420320433571077,
          0.9420417705193121,
          0.9413181308007794,
          0.9415509609301016,
          0.9343305860634535,
          0.9412674381042427,
          0.9414873694576049,
          0.9293372712862411,
          0.9417778182107519,
          0.941666701595592,
          0.0,
          0.9312251225979056,
          0.9419294297773056,
          1.0384541232290336,
          1.2163989110109996,
          0.9434804227171901,
          0.941561927273738,
          0.9422061538776384,
          0.940968610472895,
          0.9396729765373374,
          0.941305165331684,
          0.9385554609035459,
          0.9418440480718002,
          0.9397335193712062,
          0.9412889832214077,
          0.941426983668657,
          0.9215258472623875,
          0.9316462536280145,
          0.9415252105891297,
          0.9413834967435482,
          0.9418339491953348,
          0.9102263659674364
        ],
        [
          0.9328845977506142,
          0.9306388023720027,
          0.9307830065112761,
          6.069183497971205,
          0.9314377908161975,
          0.9332821396524666,
          0.9349812235147471,
          1.3455975154880804,
          0.9307052890760096,
          0.9567604089746676,
          1.2692578398467456,
          0.9309754105096179,
          0.9308941671746717,
          0.9307085481677327,
          0.9374361148886544,
          0.9328201891070595,
          0.9306509430959371,
          0.9323288659173726,
          1.6442268863172431,
          0.9304555999831362,
          3.2166572633635275,
          0.932022514709195,
          0.930600335647605,
          0.9312251225979056,
          0.0,
          0.9306356725830245,
          19.001151042130086,
          0.933479809948095,
          0.9324331491863014,
          0.9304567870830847,
          0.9322374675526864,
          0.9303354776496111,
          0.9306647860187374,
          0.9316538205387882,
          0.9341362122995426,
          0.9305860715830223,
          5.420584835062975,
          0.9317719074233217,
          0.9319893055631857,
          2.8435880012688197,
          5.013135605952137,
          0.9314346355497061,
          0.930288318604226,
          0.9320472190525209,
          2.8338076568358983
        ],
        [
          0.9433449004133057,
          0.9434992133644873,
          0.9436269837311181,
          0.9426268107849934,
          0.9434640939540342,
          0.9457985492942307,
          0.9466654740015564,
          0.8347544167251895,
          0.9434806414380258,
          0.9511791487676501,
          0.9346255406626494,
          1.0911663878795688,
          0.9277979203942189,
          1.2072804310833523,
          0.9427964964242463,
          0.9429034331216157,
          0.943470620664186,
          0.9340433144319635,
          0.9431385541700339,
          0.9434188883510061,
          0.9270189547786274,
          0.9434729164265887,
          0.943600970321169,
          0.9419294297773056,
          0.9306356725830245,
          0.0,
          0.8965358390972669,
          0.9516614861657124,
          0.9453324070494882,
          0.9435069140709549,
          0.9439187307238217,
          0.942865432422847,
          0.9414070309396589,
          0.9430026484114334,
          0.9393989834925003,
          1.3746229802929473,
          0.9412719805003105,
          0.9429530157222692,
          0.9432719930719498,
          0.9190132930293208,
          0.9324557491943946,
          0.9432936029991824,
          0.9433486972096717,
          0.9435310965537238,
          0.9099062813491109
        ],
        [
          2.796941467548926,
          0.8962781396644843,
          0.896933784242373,
          1.347376933279173,
          0.8990331665334748,
          0.9175203033710584,
          0.9347710965686798,
          3.115322115667686,
          0.8965983149483391,
          0.9531324329411103,
          1.7337050909879235,
          0.8981720949815786,
          0.9516868482678215,
          0.8969784477002134,
          0.9232602030152813,
          1.1347927362626824,
          0.8965049161047398,
          1.4388056379469447,
          0.8981569552685568,
          0.8957586672315253,
          6.025001805343307,
          0.9013482280606243,
          0.8961318135514443,
          1.0384541232290336,
          19.001151042130086,
          0.8965358390972669,
          0.0,
          17.246622027763237,
          0.9090589845097886,
          0.8957011834474297,
          0.9131086071555331,
          0.8958341623440027,
          0.9497930794175691,
          0.9004878285658127,
          1.6486388466673687,
          0.896195303061804,
          1.9382276702954468,
          0.9010441443369285,
          0.9969813806996445,
          26.029158956197065,
          1.5106863805632464,
          0.8995727307897112,
          0.8952466379680857,
          0.9013820108207463,
          1.3157028114348073
        ],
        [
          1.3372981379342785,
          0.9180734932012942,
          0.9185605625520291,
          0.9189262365743266,
          0.9193481339676352,
          0.9434428804050965,
          0.9650059568553843,
          1.0998537732438582,
          0.9180285397358239,
          2.429081725338361,
          9.338673700986215,
          1.2538212832402003,
          4.29597495892082,
          0.9763272590446639,
          1.124937680306196,
          1.018754454547748,
          0.9750102768454391,
          1.061834213972961,
          0.9180348932436946,
          0.9176069275843173,
          3.613410937769662,
          0.9206748282891328,
          0.9180446543604083,
          1.2163989110109996,
          0.933479809948095,
          0.9516614861657124,
          17.246622027763237,
          0.0,
          0.9330998177349629,
          0.9174916965038826,
          0.9356655580181832,
          0.9176126035713628,
          1.0213754776598905,
          0.9203212454842766,
          1.5944492113362891,
          0.9342140891250644,
          1.1087610475347573,
