{
  "generated_by": {
    "program": "augur",
    "version": "13.0.2"
  },
  "models": {
    "country": {
      "alphabet": [
        "Australia",
        "Austria",
        "Azerbaijan",
        "Brunei",
        "Cambodia",
        "Cameroon",
        "Central African Republic",
        "China",
        "Croatia",
        "Finland",
        "France",
        "Georgia",
        "Germany",
        "Guinea",
        "Hong Kong",
        "Hungary",
        "Iceland",
        "India",
        "Indonesia",
        "Italy",
        "Japan",
        "Kazakhstan",
        "Latvia",
        "Madagascar",
        "Malaysia",
        "Mauritania",
        "Na",
        "Netherlands",
        "Niger",
        "Norway",
        "Pakistan",
        "Peru",
        "Philippines",
        "Poland",
        "Russia",
        "Senegal",
        "Singapore",
        "South Korea",
        "Spain",
        "Taiwan",
        "Thailand",
        "Tunisia",
        "United Kingdom",
        "Usa",
        "Viet Nam",
        "?"
      ],
      "equilibrium_probabilities": [
        0.021453745740352748,
        0.025985865234420664,
        0.025734941654647344,
        0.024439953035640203,
        0.02435895797320306,
        0.026048284549379016,
        0.025836845889065166,
        0.016816561700668763,
        0.02576337231240957,
        0.02396420313987702,
        0.013750383922411643,
        0.02622440896747512,
        0.020306001803470242,
        0.02592908465577031,
        0.011914487816537065,
        0.024944409335712323,
        0.0258725127465868,
        0.025485185113254972,
        0.025683337487082025,
        0.026219957248578864,
        0.01378374136628468,
        0.025282685207576053,
        0.026122425426625177,
        0.025055891356995007,
        0.010518217786321499,
        0.02608476618793177,
        0.013468930510967418,
        0.009995519929528336,
        0.026138518572079616,
        0.025879181247441183,
        0.0258605284840915,
        0.026025133650135396,
        0.024802149200998515,
        0.023532884841586117,
        0.015976010205371868,
        0.026183948612532353,
        0.023973960976931954,
        0.020610229691009164,
        0.025829776995577924,
        0.006511686869988424,
        0.020610564446673085,
        0.025370481594509643,
        0.026760034190350147,
        0.023149488204380505,
        0.015740744117569816
      ],
      "rate": 11.566124813904558,
      "transition_matrix": [
        [
          0.0,
          0.9446635248747078,
          0.9447371588405142,
          0.9439961014672905,
          0.944641757631952,
          0.9472504081244078,
          0.9483837774016238,
          0.8591969743534578,
          0.9446204740337847,
          0.9438776515456119,
          0.9371427419828994,
          0.94467394992098,
          0.9324070496866764,
          0.9450375216248933,
          0.9442138715421654,
          0.944307719920958,
          0.9446021121376006,
          0.9387483277583348,
          0.9443753886141727,
          0.9445891610224689,
          0.9311681478021975,
          0.9446953010904667,
          0.9447240615206559,
          0.9435842494896243,
          0.9343157954260788,
          0.9449641929685944,
          2.3836234937271175,
          1.7333836019094562,
          0.9466207953463615,
          0.944756652537041,
          0.9450920676180415,
          0.9441337398265541,
          0.9430345995579552,
          0.9442805631359112,
          0.9417235074767668,
          0.9448863640677004,
          0.9429627730271333,
          0.9441800695846226,
          0.9446246249480309,
          0.9247335360726062,
          0.9359757595415407,
          0.9445125669386094,
          0.944514983258016,
          0.9447169244415793,
          0.9178841107825395
        ],
        [
          0.9446635248747078,
          0.0,
          0.9450879382361153,
          0.944051942470432,
          0.9448348737809749,
          0.9470585868267295,
          0.9478480744482863,
          0.8449280211052081,
          0.9448534407907642,
          0.944037452832625,
          1.3932072467552772,
          0.9448971759202137,
          1.7863056344542254,
          0.945448190973464,
          0.94437396586249,
          0.9442880815439957,
          0.9448405254357592,
          0.9357535010167685,
          0.9445244804937294,
          0.944850190252176,
          1.064891189033703,
          0.9449075475671002,
          0.9450087454216892,
          0.9432855766962539,
          0.9323127318629764,
          0.9453314294278188,
          0.8981054131348418,
          0.9178435433153578,
          0.9466065197195703,
          0.9449202319681467,
          0.9449295393720766,
          0.9833760743964218,
          0.9428912526137528,
          0.9444983659361685,
          0.9412136992274192,
          0.9452051582389068,
          0.9427677716122577,
          0.9443262710812972,
          0.9448835684591088,
          0.9201489680909043,
          0.9346058941044522,
          0.944892521318654,
          0.9447712018917294,
          0.944913121530808,
          0.9123980003934131
        ],
        [
          0.9447371588405142,
          0.9450879382361153,
          0.0,
          0.9441395175651226,
          0.9449154207859713,
          0.9472834436550077,
          0.9481605081733254,
          0.8437742481522011,
          0.9449673557436694,
          0.9440973894960311,
          0.9363028417892133,
          0.9449812619400425,
          1.2768026066096225,
          0.9453664134793988,
          0.9441979664596947,
          0.9443908610355043,
          0.9448798896791356,
          1.1095746854243804,
          0.9446120244190442,
          0.9448785481975829,
          0.9273102490482191,
          0.9449901514178816,
          0.9450409300160385,
          0.9433836887569372,
          0.9322061211404044,
          0.9452905024905435,
          0.8985259268025847,
          0.9176773822846609,
          0.9467847942622507,
          0.9450047218699621,
          0.9452019720274838,
          0.9443286693858651,
          0.9428974428119405,
          0.9446822437671447,
          0.9412818737607946,
          0.945211530920064,
          0.9428207038717301,
          0.9443085452533656,
          0.9448802427625589,
          0.9203975457357206,
          0.9343971508450707,
          0.9449386045011028,
          0.9447983974183806,
          0.9449886065669991,
          0.9126890344921993
        ],
        [
          0.9439961014672905,
          0.944051942470432,
          0.9441395175651226,
          0.0,
          0.9440629562694852,
          0.946485541169727,
          0.9474390178442855,
          0.8479015774665258,
          0.9440079768658303,
          0.9431916521880808,
          0.935729426579958,
          0.9440587326953995,
          0.9299903555424458,
          0.94443799020144,
          0.9438363198837184,
          0.9435166537492637,
          0.9439759394316743,
          0.9360242903289611,
          0.9441679520051391,
          0.943962376607978,
          0.9277350272128689,
          0.9441032371363416,
          0.9441174328889713,
          0.9426741730230096,
          6.075682165036725,
          0.9443604737672936,
          1.3503409763681187,
          0.9185795500007978,
          0.9459414083638906,
          0.9441181327118442,
          0.9442850294110149,
          0.943448847942235,
          0.9421373437974733,
          0.9436696822240818,
          0.9408284328592198,
          0.9442814325124268,
          1.4322060650389064,
          0.9436190620555135,
          0.943942148842992,
          0.9215132077960425,
          0.9346421791092989,
          0.9438927173247891,
          0.943866068068954,
          0.9441747984575879,
          0.9142359289288041
        ],
        [
          0.944641757631952,
          0.9448348737809749,
          0.9449154207859713,
          0.9440629562694852,
          0.0,
          0.9468645240893236,
          0.9475985511635109,
          0.8484730483849513,
          0.9447849085078582,
          0.9439162553868339,
          0.9361446588878954,
          0.9448494654750449,
          0.9305642017797524,
          0.9452172173017434,
          0.9441783159088795,
          0.9442159067063542,
          0.9447563846670185,
          0.9360756253819621,
          0.9445980857981795,
          0.9447531078428145,
          0.9282415524416358,
          0.944865673987785,
          0.9449052743547742,
          0.9433434508308315,
          0.9329536163212597,
          0.9451446708379101,
          0.9006028405445493,
          0.9188533024049835,
          0.9464445354587568,
          0.9448758114162635,
          0.9448797235626473,
          0.9442341432318803,
          0.9428859683828786,
          0.9443801065697928,
          0.9413083213507188,
          0.9450693538805013,
          0.9428151113409021,
          0.9442418018331268,
          0.944695303955007,
          0.9216564426712228,
          0.936057626060166,
          0.9446580538301093,
          0.9446732053967338,
          0.9448728359675204,
          2.288310950343606
        ],
        [
          0.9472504081244078,
          0.9470585868267295,
          0.9472834436550077,
          0.946485541169727,
          0.9468645240893236,
          0.0,
          1.1769906815994524,
          0.8453733157390175,
          0.9469655462831612,
          0.946297252606858,
          0.9383088220647455,
          0.9470716563123324,
          0.9326479843257522,
          0.9474472549218359,
          0.9453032205138439,
          0.9464036141095905,
          0.9469650734960445,
          0.9969880373493126,
          0.946709539619596,
          0.9469887547251833,
          0.9298308905604629,
          0.9469707515607603,
          0.9471218867996614,
          0.9457420691121031,
          0.9355605386437238,
          0.9473741402010213,
          0.9318993883388108,
          0.9329547283812596,
          1.3117385070145382,
          0.9470999877942035,
          0.9513563511107,
          0.9463981271668052,
          0.9449623628552181,
          0.9463738688012288,
          0.9428911643389549,
          0.9472983310129223,
          0.9453768270055037,
          0.9460016283625494,
          0.9469966462112598,
          0.9240420194042989,
          0.9362407718955488,
          0.9467483661334968,
          0.9469508349852412,
          0.9468455404744148,
          0.9138651751669479
        ],
        [
          0.9483837774016238,
          0.9478480744482863,
          0.9481605081733254,
          0.9474390178442855,
          0.9475985511635109,
          1.1769906815994524,
          0.0,
          0.8479234729905347,
          0.9477407356766472,
          0.9472451429295355,
          0.9397482497793156,
          0.9478575902279459,
          0.9343180257972098,
          0.9482280308040933,
          0.9457527368261595,
          0.9473077168770432,
          0.9477527737307156,
          1.0465497335191691,
          0.9475077304775986,
          0.9477826255111439,
          0.9315803607471232,
          0.9477286573648208,
          0.9479049888204951,
          0.9468291111822423,
          0.9378336321072949,
          0.9481559600406296,
          0.9612537595580083,
          0.9461060787006145,
          1.0977424639218631,
          0.9479015766716671,
          0.9558265429359752,
          0.9471845958530039,
          0.9457887105692055,
          0.9471034088347277,
          0.9436978866543803,
          0.9480817837639329,
          0.946503558057022,
          0.9466582731689647,
          0.947855740158596,
          0.9269167956770619,
          0.9372237257018098,
          0.9475234725469763,
          0.9477620252510542,
          0.9475486574057543,
          0.9148287257662762
        ],
        [
          0.8591969743534578,
          0.8449280211052081,
          0.8437742481522011,
          0.8479015774665258,
          0.8484730483849513,
          0.8453733157390175,
          0.8479234729905347,
          0.0,
          0.8434978715455789,
          0.8495894521015689,
          1.4342686574410233,
          0.8419160919002359,
          2.5814116866586136,
          0.8435548512354628,
          6.663432066253845,
          0.8705743477837053,
          0.843119458336538,
          0.8472515775346324,
          0.8438781728364453,
          0.8419042484765,
          4.2813618489583085,
          0.9577833528314345,
          0.8423207899784964,
          0.8476576980807893,
          1.6346161789536684,
          0.8428589956257052,
          4.466725604269473,
          0.9585576860563126,
          0.8441478944100962,
          0.8433154673177319,
          0.8440974140390455,
          0.8422949829960548,
          0.84616516223924,
          1.2767461952485997,
          3.9508823380431752,
          0.8423500604917429,
          0.8494137639171049,
          1.7232300679474948,
          0.8435537191944529,
          6.214968932575683,
          1.7235311724177906,
          0.9015139780472057,
          0.8399803943648627,
          1.2791768712578186,
          3.466157456324083
        ],
        [
          0.9446204740337847,
          0.9448534407907642,
          0.9449673557436694,
          0.9440079768658303,
          0.9447849085078582,
          0.9469655462831612,
          0.9477407356766472,
          0.8434978715455789,
          0.0,
          0.9438564291419035,
          0.9356711883307122,
          0.9448413266811667,
          1.3949264054543962,
          0.945228689806141,
          0.944131381770005,
          0.9441716134471982,
          0.9447412121706181,
          0.9356319881111597,
          0.9444745736473934,
          0.9447378037841501,
          0.9271773319148472,
          0.9448566702604598,
          0.9449000196318333,
          0.9432450750343132,
          0.9321338607386301,
          0.9451519565819171,
          0.898133793828501,
          0.9173330739788497,
          0.9465226846785929,
          0.9448668817584572,
          0.9448682083772911,
          0.9441889422195453,
          0.9427630888343795,
          0.9443454506029191,
          0.9410981193201284,
          0.9450722551737777,
          0.9426881052596972,
          0.9441975855088633,
          0.9446886210680925,
          0.9203260557273721,
          0.9342374390918473,
          0.9446420931181856,
          0.9446550873908783,
          0.9448646543973552,
          0.9125802082581616
        ],
        [
          0.9438776515456119,
          0.944037452832625,
          0.9440973894960311,
          0.9431916521880808,
          0.9439162553868339,
          0.946297252606858,
          0.9472451429295355,
          0.8495894521015689,
          0.9438564291419035,
          0.0,
          1.9190599106137647,
          1.3897436678127475,
          1.8843559183679817,
          0.9445411763908554,
          0.9438080789692535,
          0.9434205165214351,
          1.3596349191563977,
          0.9363765749750603,
          0.9436123045394746,
          0.9438523551701546,
          0.9286613270647853,
          0.9439485404993474,
          0.9440542281076489,
          0.9425998727938296,
          0.9327051505985461,
          0.9444047085943444,
          0.9014080988319934,
          2.3005294439796673,
          0.9457543048825077,
          0.9439397634499587,
          0.9441375511088204,
          0.9433840903501874,
          0.9421577860317277,
          0.9435531714023928,
          0.9423475524778395,
          0.9442498735831956,
          0.94205437362162,
          0.9435062813830828,
          0.9453118965322848,
          0.921831714942902,
          0.934380029657348,
          0.9438493242263707,
          1.409439823972099,
          0.9440334716699281,
          1.3715493911820624
        ],
        [
          0.9371427419828994,
          1.3932072467552772,
          0.9363028417892133,
          0.935729426579958,
          0.9361446588878954,
          0.9383088220647455,
          0.9397482497793156,
          1.4342686574410233,
          0.9356711883307122,
          1.9190599106137647,
          0.0,
          0.9376615718249864,
          8.628907393460276,
          1.0714816013109032,
          0.9406644363825578,
          1.1965543257742433,
          1.3216442877415555,
          1.0004046696566198,
          0.9355665049193513,
          1.8700578799577123,
          3.949468467698497,
          0.9358949813629074,
          1.143657346609673,
          0.9358649880002886,
          1.3959058656054162,
          1.0171228409900734,
          1.4694956317662107,
          11.079732650321821,
          0.9375166081622683,
          0.935991054666256,
          0.936445530854051,
          1.3757183842608065,
          0.9371378367795294,
          0.937584831238425,
          2.384796950024534,
          0.9764745699930517,
          1.012639041602656,
          0.9373958521636128,
          1.3442077210993373,
          0.9300359888630424,
          2.8306269257096335,
          1.819555046693086,
          1.8708063887610273,
          0.9366234959555306,
          1.3824332601247022
        ],
        [
          0.94467394992098,
          0.9448971759202137,
          0.9449812619400425,
          0.9440587326953995,
          0.9448494654750449,
          0.9470716563123324,
          0.9478575902279459,
          0.8419160919002359,
          0.9448413266811667,
          1.3897436678127475,
          0.9376615718249864,
          0.0,
          0.9544125602124172,
          0.9453053306940414,
          0.944149287955182,
          0.9442251770512037,
          0.9448373516542162,
          0.9354597969725603,
          0.9445373331947904,
          0.9448068435227581,
          0.926850622304188,
          0.9449250252829308,
          0.9449702792109311,
          0.9432833137687751,
          0.9319352448385249,
          0.945227708601923,
          0.8973323820986282,
          0.9169177696495104,
          0.9466220388870933,
          0.9449372858241065,
          0.9449377863000525,
          0.9442474429689289,
          0.9427924693629459,
          0.9444041650024363,
          0.9410753183534947,
          0.9451469315501277,
          0.9427117837257867,
          0.9442410866283071,
          0.9447453505680915,
          0.9199131366676819,
          0.9340968229518598,
          0.9447068442048386,
          0.9473021598573523,
          0.9449272752687238,
          0.9120625860714833
        ],
        [
          0.9324070496866764,
          1.7863056344542254,
          1.2768026066096225,
          0.9299903555424458,
          0.9305642017797524,
          0.9326479843257522,
          0.9343180257972098,
          2.5814116866586136,
          1.3949264054543962,
          1.8843559183679817,
          8.628907393460276,
          0.9544125602124172,
          0.0,
          0.9314586965000198,
          0.9384287659495605,
          1.639570360663514,
          0.9302264756122061,
          1.7274327713683086,
          0.9295660967559947,
          0.9303045743189181,
          1.8373348939459209,
          0.9301724179395002,
          0.936746445591118,
          0.9294596583187515,
          0.9315837208215575,
          0.9309340233434075,
          1.2003724481535412,
          3.009943428373001,
          0.9317695724149979,
          0.9298972814957056,
          0.9309375801242483,
          0.9307649406667322,
          0.9294163395697362,
          2.8128656330479975,
          1.9593187040290991,
          0.9303946883445242,
          0.9414763199769043,
          0.9324785850834251,
          1.3964856070788922,
          0.9243444138644055,
          1.2491212755427452,
          2.347370202317338,
          0.9395748841547982,
          0.9313247967437538,
          0.9141392781775335
        ],
        [
          0.9450375216248933,
          0.945448190973464,
          0.9453664134793988,
          0.94443799020144,
          0.9452172173017434,
          0.9474472549218359,
          0.9482280308040933,
          0.8435548512354628,
          0.945228689806141,
          0.9445411763908554,
          1.0714816013109032,
          0.9453053306940414,
          0.9314586965000198,
          0.0,
          0.9443973177945336,
          0.944661860652715,
          0.9452914224822193,
          0.9359521686708182,
          0.944927252529785,
          0.9453992445744934,
          1.0775763828832385,
          0.9452989558902779,
          0.9454198541400842,
          0.943674106081517,
          0.9325313437168881,
          1.1996232258200608,
          0.8992370706948001,
          0.9417654232987871,
          0.947000803545786,
          0.9453246236806473,
          0.9453301530951836,
          0.944744720074233,
          0.9435090126293326,
          0.9447610297019579,
          0.9415549270447108,
          1.0768673653419458,
          0.9432271110881699,
          0.9449034454507619,
          0.9453509932270522,
          0.9203451115301647,
          0.934780329626025,
          0.9453101128023624,
          0.9453300229490166,
          0.9452755752492593,
          0.9127745045444725
        ],
        [
          0.9442138715421654,
          0.94437396586249,
          0.9441979664596947,
          0.9438363198837184,
          0.9441783159088795,
          0.9453032205138439,
          0.9457527368261595,
          6.663432066253845,
          0.944131381770005,
          0.9438080789692535,
          0.9406644363825578,
          0.944149287955182,
          0.9384287659495605,
          0.9443973177945336,
          0.0,
          0.944035812793804,
          0.9441177182051966,
          0.9402330291524805,
          0.9439987942630649,
          0.9441026721172234,
          1.1668681440359339,
          0.9442511143812204,
          0.9441802918632158,
          0.9435349459570224,
          0.9388491376379093,
          0.9443440313336613,
          0.9236388946418611,
          1.1737501805647184,
          0.9450445186378073,
          0.9441789582259394,
          0.944250965169296,
          0.9438550370460316,
          0.9433063637832838,
          0.9440130602191628,
          0.9428865981984227,
          0.944287234947235,
          1.4153585871841636,
          0.9441011492235775,
          0.9441156133314229,
          0.9335214092785584,
          0.9936565109099816,
          0.9441947857496997,
          0.9440483353876673,
          0.9442624025288822,
          0.9294405112328487
        ],
        [
          0.944307719920958,
          0.9442880815439957,
          0.9443908610355043,
          0.9435166537492637,
          0.9442159067063542,
          0.9464036141095905,
          0.9473077168770432,
          0.8705743477837053,
          0.9441716134471982,
          0.9434205165214351,
          1.1965543257742433,
          0.9442251770512037,
          1.639570360663514,
          0.944661860652715,
          0.944035812793804,
          0.0,
          0.9441557038540332,
          0.9362878926030752,
          0.9438886968273444,
          0.944133109918134,
          0.9320143119254143,
          0.9442703276330282,
          0.9443108103377649,
          0.9429307904507596,
          0.934481727203372,
          0.9445677937972109,
          1.274302361463849,
          0.9351747410359272,
          0.9459149374166154,
          0.9442698098646185,
          0.9443359427723245,
          0.9436200744835921,
          0.9422711817325644,
          0.9438383144392566,
          0.9411191895616906,
          0.9444723403600083,
          0.9423459365064079,
          0.9437768780752577,
          0.9441575399024678,
          0.9456131142957741,
          0.9343044960727375,
          0.9441054848235098,
          0.9440415421578404,
          0.9443350092685661,
          0.9134599391061554
        ],
        [
          0.9446021121376006,
          0.9448405254357592,
          0.9448798896791356,
          0.9439759394316743,
          0.9447563846670185,
          0.9469650734960445,
          0.9477527737307156,
          0.843119458336538,
          0.9447412121706181,
          1.3596349191563977,
          1.3216442877415555,
          0.9448373516542162,
          0.9302264756122061,
          0.9452914224822193,
          0.9441177182051966,
          0.9441557038540332,
          0.0,
          0.9355379497440918,
          0.9444432821979089,
          0.9447548704864508,
          0.9271702083382248,
          0.9448264438478535,
          0.9449136998715872,
          0.9432150195788536,
          0.9320766864676395,
          0.9451928509812041,
          0.8979820487278696,
          0.9726572524795076,
          0.9465142193698773,
          0.9448369456742711,
          0.9448486569171318,
          0.9442026898201048,
          0.9427344986748215,
          0.9443147019676571,
          0.9411154915624166,
          0.9450867769752831,
          0.9426629998625368,
          0.9441707611899003,
          0.9447033709977075,
          0.9202201451282539,
          0.9342338402077883,
          0.9446620060307787,
          0.9447202490274523,
          0.9448376947851418,
          0.9124669631292792
        ],
        [
          0.9387483277583348,
          0.9357535010167685,
          1.1095746854243804,
          0.9360242903289611,
          0.9360756253819621,
          0.9969880373493126,
          1.0465497335191691,
          0.8472515775346324,
          0.9356319881111597,
          0.9363765749750603,
          1.0004046696566198,
          0.9354597969725603,
          1.7274327713683086,
          0.9359521686708182,
          0.9402330291524805,
          0.9362878926030752,
          0.9355379497440918,
          0.0,
          0.935376831605495,
          0.9354078409005105,
          0.9278185543757786,
          0.9357809649557881,
          0.9355573008171681,
          0.9363818383909118,
          0.935915712306329,
          0.9358068851195483,
          1.5242169712338962,
          0.9972876193534352,
          0.9730458288735147,
          0.9357093263394639,
          1.3511262804561261,
          0.93491147846772,
          0.9342050386276867,
          0.9362644083756458,
          0.9367884079501769,
          0.9356887813784642,
          0.9355863484373113,
          0.9369461186548597,
          0.935858121388369,
          0.9296388153737749,
          0.9282612410342334,
          0.9358046624986244,
          0.9351405807708184,
          0.9366045585036878,
          0.9086063799990609
        ],
        [
          0.9443753886141727,
          0.9445244804937294,
          0.9446120244190442,
          0.9441679520051391,
          0.9445980857981795,
          0.946709539619596,
          0.9475077304775986,
          0.8438781728364453,
          0.9444745736473934,
          0.9436123045394746,
          0.9355665049193513,
          0.9445373331947904,
          0.9295660967559947,
          0.944927252529785,
          0.9439987942630649,
          0.9438886968273444,
          0.9444432821979089,
          0.935376831605495,
          0.0,
          0.9444359722778648,
          0.9272573491169199,
          0.9445641327240304,
          0.9445970354360824,
          0.9429740170575475,
          1.8091677747364605,
          0.9448490390754237,
          0.900744701280314,
          0.9172799638490984,
          0.9462526458461067,
          0.9445687603067082,
          0.9445945157334775,
          0.9438913166436104,
          0.9424852053967526,
          0.9440741414068984,
          0.9409266835896692,
          0.9447687489036779,
          0.9429547068409156,
          0.9439630122151421,
          0.9443786510841726,
          1.3882468563876331,
          0.9347301515455284,
          0.9443428285262576,
          0.9443454436562221,
          0.9445980588473145,
          0.9786139484884389
        ],
        [
          0.9445891610224689,
          0.944850190252176,
          0.9448785481975829,
          0.943962376607978,
          0.9447531078428145,
          0.9469887547251833,
          0.9477826255111439,
          0.8419042484765,
          0.9447378037841501,
          0.9438523551701546,
          1.8700578799577123,
          0.9448068435227581,
          0.9303045743189181,
          0.9453992445744934,
          0.9441026721172234,
          0.944133109918134,
          0.9447548704864508,
          0.9354078409005105,
          0.9444359722778648,
          0.0,
          0.9269173610499055,
          0.9448251722046034,
          0.9449495290058628,
          0.9431895127320757,
          0.9318980137826794,
          0.9452779014936898,
          0.8973190837634146,
          0.9168701481768411,
          0.9465335301067243,
          0.9448351534260736,
          0.9448442169872908,
          0.9442056739643948,
          0.9426961553737817,
          0.9443057870786872,
          0.9416215283030495,
          0.9451405624781927,
          0.9426333228635647,
          0.9441598170174185,
          0.9447271151478372,
          0.9198942367665398,
          0.9340403077658149,
          0.9446482896829276,
          0.944620398341511,
          0.9448356805797212,
          0.9120133460200761
        ],
        [
          0.9311681478021975,
          1.064891189033703,
          0.9273102490482191,
          0.9277350272128689,
          0.9282415524416358,
          0.9298308905604629,
          0.9315803607471232,
          4.2813618489583085,
          0.9271773319148472,
          0.9286613270647853,
          3.949468467698497,
          0.926850622304188,
          1.8373348939459209,
          1.0775763828832385,
          1.1668681440359339,
          0.9320143119254143,
          0.9271702083382248,
          0.9278185543757786,
          0.9272573491169199,
          0.9269173610499055,
          0.0,
          0.9275358079449249,
          0.9271643292726394,
          0.9289880829244501,
          3.635562941185912,
          1.017232024537737,
          6.023279345266486,
          3.263867579224282,
          0.9289250043345819,
          0.9273132223839265,
          0.9279788785640335,
          0.9268058203195766,
          2.19470874173679,
          0.9298204249146748,
          0.9328640401767184,
          0.9721881030632126,
          1.3911051986706326,
          2.883360771369216,
          1.3940626985918139,
          1.6412955562189806,
          0.9266887852173998,
          1.1165116458886044,
          0.9324105272832647,
          0.9289679183815627,
          1.4508127146337593
        ],
        [
          0.9446953010904667,
          0.9449075475671002,
          0.9449901514178816,
          0.9441032371363416,
          0.944865673987785,
          0.9469707515607603,
          0.9477286573648208,
          0.9577833528314345,
          0.9448566702604598,
          0.9439485404993474,
          0.9358949813629074,
          0.9449250252829308,
          0.9301724179395002,
          0.9452989558902779,
          0.9442511143812204,
          0.9442703276330282,
          0.9448264438478535,
          0.9357809649557881,
          0.9445641327240304,
          0.9448251722046034,
          0.9275358079449249,
          0.0,
          0.944981343318543,
          0.9433541915706906,
          0.9324098690652978,
          0.9452242602492938,
          0.8990538149010877,
          0.9178268923437554,
          0.9465443719323835,
          0.9449489722971636,
          0.944942782631619,
          0.9442847977216688,
          0.9428809601840246,
          0.9444389984341752,
          1.3047632722757108,
          0.945148397274297,
          0.9428030439725265,
          0.9442938523183149,
          0.9447594987039925,
          0.9208294384542601,
          0.9345127578523107,
          0.9447306735771932,
          0.9447437786387313,
          0.9449492748058436,
          0.9132424624514676
        ],
        [
          0.9447240615206559,
          0.9450087454216892,
          0.9450409300160385,
          0.9441174328889713,
          0.9449052743547742,
          0.9471218867996614,
          0.9479049888204951,
          0.8423207899784964,
          0.9449000196318333,
          0.9440542281076489,
          1.143657346609673,
          0.9449702792109311,
          0.936746445591118,
          0.9454198541400842,
          0.9441802918632158,
          0.9443108103377649,
          0.9449136998715872,
          0.9355573008171681,
          0.9445970354360824,
          0.9449495290058628,
          0.9271643292726394,
          0.944981343318543,
          0.0,
          0.9433452406899292,
          0.9320221305182961,
          0.9453281066836069,
          0.8975834811131614,
          0.9174045925981846,
          0.9466741884356873,
          0.9450586733183127,
          0.9449965932222539,
          0.944360890796656,
          0.9428570694628458,
          0.944458758946601,
          0.941194517359061,
          0.9452318885687937,
          0.9427842055898845,
          0.9442904584331208,
          1.255210042118394,
          0.9200218489724153,
          0.9344278488693611,
          0.9448384879853824,
          0.9448680657289099,
          0.944979907031713,
          0.9122365944504953
        ],
        [
          0.9435842494896243,
          0.9432855766962539,
          0.9433836887569372,
          0.9426741730230096,
          0.9433434508308315,
          0.9457420691121031,
          0.9468291111822423,
          0.8476576980807893,
          0.9432450750343132,
          0.9425998727938296,
          0.9358649880002886,
          0.9432833137687751,
          0.9294596583187515,
          0.943674106081517,
          0.9435349459570224,
          0.9429307904507596,
          0.9432150195788536,
          0.9363818383909118,
          0.9429740170575475,
          0.9431895127320757,
          0.9289880829244501,
          0.9433541915706906,
          0.9433452406899292,
          0.0,
          0.9331234833721955,
          0.943588221341171,
          1.1811890256776238,
          1.0698076200275513,
          0.9451560611706009,
          0.9433549990338308,
          0.9435269840666924,
          0.9426647529186728,
          0.9413970087770495,
          0.9429745765092976,
          0.94048641199241,
          0.9435059555646503,
          0.9415126378062356,
          0.9430208048772157,
          0.9432059280127547,
          0.9254021286207563,
          0.9334832882428453,
          0.9431381801163091,
          0.9430759370483021,
          0.9434984670263675,
          0.9127208989702205
        ],
        [
          0.9343157954260788,
          0.9323127318629764,
          0.9322061211404044,
          6.075682165036725,
          0.9329536163212597,
          0.9355605386437238,
          0.9378336321072949,
          1.6346161789536684,
          0.9321338607386301,
          0.9327051505985461,
          1.3959058656054162,
          0.9319352448385249,
          0.9315837208215575,
          0.9325313437168881,
          0.9388491376379093,
          0.934481727203372,
          0.9320766864676395,
          0.935915712306329,
          1.8091677747364605,
          0.9318980137826794,
          3.635562941185912,
          0.9324098690652978,
          0.9320221305182961,
          0.9331234833721955,
          0.0,
          0.932352966488706,
          18.43575141934418,
          0.9350742525785005,
          0.9344016706351826,
          0.9330058547213376,
          0.9334496622710975,
          0.9319542581894003,
          0.9320164631514395,
          0.93305903918247,
          0.9356614782694148,
          0.932187066822467,
          5.26480322110077,
          0.9344451477819019,
          0.9331941967752967,
          2.7062493960873426,
          4.065908131402548,
          0.9323691405919486,
          0.9316016962608211,
          0.9334512662872778,
          2.9116166436512536
        ],
        [
          0.9449641929685944,
          0.9453314294278188,
          0.9452905024905435,
          0.9443604737672936,
          0.9451446708379101,
          0.9473741402010213,
          0.9481559600406296,
          0.8428589956257052,
          0.9451519565819171,
          0.9444047085943444,
          1.0171228409900734,
          0.945227708601923,
          0.9309340233434075,
          1.1996232258200608,
          0.9443440313336613,
          0.9445677937972109,
          0.9451928509812041,
          0.9358068851195483,
          0.9448490390754237,
          0.9452779014936898,
          1.017232024537737,
          0.9452242602492938,
          0.9453281066836069,
          0.943588221341171,
          0.932352966488706,
          0.0,
          0.8985738742488304,
          0.9321290989508766,
          0.9469273124006168,
          0.945248114714862,
          0.9452499525472604,
          0.9446405898381629,
          0.9433464993094834,
          0.9446878909672081,
          0.941439867680481,
          1.3764364721175812,
          0.9431128678506848,
          0.9447612652453251,
          0.9452204735177717,
          0.9201680973552662,
          0.9345949822807721,
          0.9451777273550482,
          0.9452051021953513,
          0.9452069761723909,
          0.912504557580859
        ],
        [
          2.3836234937271175,
          0.8981054131348418,
          0.8985259268025847,
          1.3503409763681187,
          0.9006028405445493,
          0.9318993883388108,
          0.9612537595580083,
          4.466725604269473,
          0.898133793828501,
          0.9014080988319934,
          1.4694956317662107,
          0.8973323820986282,
          1.2003724481535412,
          0.8992370706948001,
          0.9236388946418611,
          1.274302361463849,
          0.8979820487278696,
          1.5242169712338962,
          0.900744701280314,
          0.8973190837634146,
          6.023279345266486,
          0.8990538149010877,
          0.8975834811131614,
          1.1811890256776238,
          18.43575141934418,
          0.8985738742488304,
          0.0,
          17.050438701204875,
          0.9177044513250241,
          0.9568180980282067,
          0.9141791441422311,
          0.8973954215841485,
          0.9115157285360383,
          0.901968368365268,
          1.3490300013417587,
          0.8980099709442889,
          1.8369759148148574,
          0.907142679420167,
          0.986549994672592,
          27.26615577975561,
          1.506582985827245,
          0.8993024779266879,
          0.896358229870763,
          0.9027230446640324,
          1.749659847351831
        ],
        [
          1.7333836019094562,
          0.9178435433153578,
          0.9176773822846609,
          0.9185795500007978,
          0.9188533024049835,
          0.9329547283812596,
          0.9461060787006145,
          0.9585576860563126,
          0.9173330739788497,
          2.3005294439796673,
          11.079732650321821,
          0.9169177696495104,
          3.009943428373001,
          0.9417654232987871,
          1.1737501805647184,
          0.9351747410359272,
          0.9726572524795076,
          0.9972876193534352,
          0.9172799638490984,
          0.9168701481768411,
          3.263867579224282,
          0.9178268923437554,
          0.9174045925981846,
          1.0698076200275513,
          0.9350742525785005,
          0.9321290989508766,
          17.050438701204875,
          0.0,
          0.9265521457618374,
          0.917589213033969,
          0.9241618328628878,
          0.9171200898435521,
          1.1770238430523825,
          0.919901942484338,
          2.2305908214386414,
          0.924670385229373,
          1.1574131998750972,
