Map from character to field name
A:	Australia
B:	Austria
C:	Azerbaijan
D:	Brunei
E:	Cambodia
F:	Cameroon
G:	Central African Republic
H:	China
I:	Croatia
J:	Finland
K:	France
L:	Georgia
M:	Germany
N:	Guinea
O:	Hong Kong
P:	Hungary
Q:	Iceland
R:	India
S:	Indonesia
T:	Italy
U:	Japan
V:	Kazakhstan
W:	Latvia
X:	Madagascar
Y:	Malaysia
Z:	Mauritania
[:	Na
\:	Netherlands
]:	Niger
^:	Norway
_:	Pakistan
`:	Peru
a:	Philippines
b:	Poland
c:	Russia
d:	Senegal
e:	Singapore
f:	South Korea
g:	Spain
h:	Taiwan
i:	Thailand
j:	Tunisia
k:	United Kingdom
l:	Usa
m:	Viet Nam
n:	?


Substitution rate (mu): 11.566125

Equilibrium frequencies (pi_i):
  A: 0.0215
  B: 0.026
  C: 0.0257
  D: 0.0244
  E: 0.0244
  F: 0.026
  G: 0.0258
  H: 0.0168
  I: 0.0258
  J: 0.024
  K: 0.0138
  L: 0.0262
  M: 0.0203
  N: 0.0259
  O: 0.0119
  P: 0.0249
  Q: 0.0259
  R: 0.0255
  S: 0.0257
  T: 0.0262
  U: 0.0138
  V: 0.0253
  W: 0.0261
  X: 0.0251
  Y: 0.0105
  Z: 0.0261
  [: 0.0135
  \: 0.01
  ]: 0.0261
  ^: 0.0259
  _: 0.0259
  `: 0.026
  a: 0.0248
  b: 0.0235
  c: 0.016
  d: 0.0262
  e: 0.024
  f: 0.0206
  g: 0.0258
  h: 0.0065
  i: 0.0206
  j: 0.0254
  k: 0.0268
  l: 0.0231
  m: 0.0157

Symmetrized rates from j->i (W_ij):
	A	B	C	D	E	F	G	H	I	J	K	L	M	N	O	P	Q	R	S	T	U	V	W	X	Y	Z	[	\	]	^	_	`	a	b	c	d	e	f	g	h	i	j	k	l	m
  A	0	0.9447	0.9447	0.944	0.9446	0.9473	0.9484	0.8592	0.9446	0.9439	0.9371	0.9447	0.9324	0.945	0.9442	0.9443	0.9446	0.9387	0.9444	0.9446	0.9312	0.9447	0.9447	0.9436	0.9343	0.945	2.3836	1.7334	0.9466	0.9448	0.9451	0.9441	0.943	0.9443	0.9417	0.9449	0.943	0.9442	0.9446	0.9247	0.936	0.9445	0.9445	0.9447	0.9179
  B	0.9447	0	0.9451	0.9441	0.9448	0.9471	0.9478	0.8449	0.9449	0.944	1.3932	0.9449	1.7863	0.9454	0.9444	0.9443	0.9448	0.9358	0.9445	0.9449	1.0649	0.9449	0.945	0.9433	0.9323	0.9453	0.8981	0.9178	0.9466	0.9449	0.9449	0.9834	0.9429	0.9445	0.9412	0.9452	0.9428	0.9443	0.9449	0.9201	0.9346	0.9449	0.9448	0.9449	0.9124
  C	0.9447	0.9451	0	0.9441	0.9449	0.9473	0.9482	0.8438	0.945	0.9441	0.9363	0.945	1.2768	0.9454	0.9442	0.9444	0.9449	1.1096	0.9446	0.9449	0.9273	0.945	0.945	0.9434	0.9322	0.9453	0.8985	0.9177	0.9468	0.945	0.9452	0.9443	0.9429	0.9447	0.9413	0.9452	0.9428	0.9443	0.9449	0.9204	0.9344	0.9449	0.9448	0.945	0.9127
  D	0.944	0.9441	0.9441	0	0.9441	0.9465	0.9474	0.8479	0.944	0.9432	0.9357	0.9441	0.93	0.9444	0.9438	0.9435	0.944	0.936	0.9442	0.944	0.9277	0.9441	0.9441	0.9427	6.0757	0.9444	1.3503	0.9186	0.9459	0.9441	0.9443	0.9434	0.9421	0.9437	0.9408	0.9443	1.4322	0.9436	0.9439	0.9215	0.9346	0.9439	0.9439	0.9442	0.9142
  E	0.9446	0.9448	0.9449	0.9441	0	0.9469	0.9476	0.8485	0.9448	0.9439	0.9361	0.9448	0.9306	0.9452	0.9442	0.9442	0.9448	0.9361	0.9446	0.9448	0.9282	0.9449	0.9449	0.9433	0.933	0.9451	0.9006	0.9189	0.9464	0.9449	0.9449	0.9442	0.9429	0.9444	0.9413	0.9451	0.9428	0.9442	0.9447	0.9217	0.9361	0.9447	0.9447	0.9449	2.2883
  F	0.9473	0.9471	0.9473	0.9465	0.9469	0	1.177	0.8454	0.947	0.9463	0.9383	0.9471	0.9326	0.9474	0.9453	0.9464	0.947	0.997	0.9467	0.947	0.9298	0.947	0.9471	0.9457	0.9356	0.9474	0.9319	0.933	1.3117	0.9471	0.9514	0.9464	0.945	0.9464	0.9429	0.9473	0.9454	0.946	0.947	0.924	0.9362	0.9467	0.947	0.9468	0.9139
  G	0.9484	0.9478	0.9482	0.9474	0.9476	1.177	0	0.8479	0.9477	0.9472	0.9397	0.9479	0.9343	0.9482	0.9458	0.9473	0.9478	1.0465	0.9475	0.9478	0.9316	0.9477	0.9479	0.9468	0.9378	0.9482	0.9613	0.9461	1.0977	0.9479	0.9558	0.9472	0.9458	0.9471	0.9437	0.9481	0.9465	0.9467	0.9479	0.9269	0.9372	0.9475	0.9478	0.9475	0.9148
  H	0.8592	0.8449	0.8438	0.8479	0.8485	0.8454	0.8479	0	0.8435	0.8496	1.4343	0.8419	2.5814	0.8436	6.6634	0.8706	0.8431	0.8473	0.8439	0.8419	4.2814	0.9578	0.8423	0.8477	1.6346	0.8429	4.4667	0.9586	0.8441	0.8433	0.8441	0.8423	0.8462	1.2767	3.9509	0.8424	0.8494	1.7232	0.8436	6.215	1.7235	0.9015	0.84	1.2792	3.4662
  I	0.9446	0.9449	0.945	0.944	0.9448	0.947	0.9477	0.8435	0	0.9439	0.9357	0.9448	1.3949	0.9452	0.9441	0.9442	0.9447	0.9356	0.9445	0.9447	0.9272	0.9449	0.9449	0.9432	0.9321	0.9452	0.8981	0.9173	0.9465	0.9449	0.9449	0.9442	0.9428	0.9443	0.9411	0.9451	0.9427	0.9442	0.9447	0.9203	0.9342	0.9446	0.9447	0.9449	0.9126
  J	0.9439	0.944	0.9441	0.9432	0.9439	0.9463	0.9472	0.8496	0.9439	0	1.9191	1.3897	1.8844	0.9445	0.9438	0.9434	1.3596	0.9364	0.9436	0.9439	0.9287	0.9439	0.9441	0.9426	0.9327	0.9444	0.9014	2.3005	0.9458	0.9439	0.9441	0.9434	0.9422	0.9436	0.9423	0.9442	0.9421	0.9435	0.9453	0.9218	0.9344	0.9438	1.4094	0.944	1.3715
  K	0.9371	1.3932	0.9363	0.9357	0.9361	0.9383	0.9397	1.4343	0.9357	1.9191	0	0.9377	8.6289	1.0715	0.9407	1.1966	1.3216	1.0004	0.9356	1.8701	3.9495	0.9359	1.1437	0.9359	1.3959	1.0171	1.4695	11.0797	0.9375	0.936	0.9364	1.3757	0.9371	0.9376	2.3848	0.9765	1.0126	0.9374	1.3442	0.93	2.8306	1.8196	1.8708	0.9366	1.3824
  L	0.9447	0.9449	0.945	0.9441	0.9448	0.9471	0.9479	0.8419	0.9448	1.3897	0.9377	0	0.9544	0.9453	0.9441	0.9442	0.9448	0.9355	0.9445	0.9448	0.9269	0.9449	0.945	0.9433	0.9319	0.9452	0.8973	0.9169	0.9466	0.9449	0.9449	0.9442	0.9428	0.9444	0.9411	0.9451	0.9427	0.9442	0.9447	0.9199	0.9341	0.9447	0.9473	0.9449	0.9121
  M	0.9324	1.7863	1.2768	0.93	0.9306	0.9326	0.9343	2.5814	1.3949	1.8844	8.6289	0.9544	0	0.9315	0.9384	1.6396	0.9302	1.7274	0.9296	0.9303	1.8373	0.9302	0.9367	0.9295	0.9316	0.9309	1.2004	3.0099	0.9318	0.9299	0.9309	0.9308	0.9294	2.8129	1.9593	0.9304	0.9415	0.9325	1.3965	0.9243	1.2491	2.3474	0.9396	0.9313	0.9141
  N	0.945	0.9454	0.9454	0.9444	0.9452	0.9474	0.9482	0.8436	0.9452	0.9445	1.0715	0.9453	0.9315	0	0.9444	0.9447	0.9453	0.936	0.9449	0.9454	1.0776	0.9453	0.9454	0.9437	0.9325	1.1996	0.8992	0.9418	0.947	0.9453	0.9453	0.9447	0.9435	0.9448	0.9416	1.0769	0.9432	0.9449	0.9454	0.9203	0.9348	0.9453	0.9453	0.9453	0.9128
  O	0.9442	0.9444	0.9442	0.9438	0.9442	0.9453	0.9458	6.6634	0.9441	0.9438	0.9407	0.9441	0.9384	0.9444	0	0.944	0.9441	0.9402	0.944	0.9441	1.1669	0.9443	0.9442	0.9435	0.9388	0.9443	0.9236	1.1738	0.945	0.9442	0.9443	0.9439	0.9433	0.944	0.9429	0.9443	1.4154	0.9441	0.9441	0.9335	0.9937	0.9442	0.944	0.9443	0.9294
  P	0.9443	0.9443	0.9444	0.9435	0.9442	0.9464	0.9473	0.8706	0.9442	0.9434	1.1966	0.9442	1.6396	0.9447	0.944	0	0.9442	0.9363	0.9439	0.9441	0.932	0.9443	0.9443	0.9429	0.9345	0.9446	1.2743	0.9352	0.9459	0.9443	0.9443	0.9436	0.9423	0.9438	0.9411	0.9445	0.9423	0.9438	0.9442	0.9456	0.9343	0.9441	0.944	0.9443	0.9135
  Q	0.9446	0.9448	0.9449	0.944	0.9448	0.947	0.9478	0.8431	0.9447	1.3596	1.3216	0.9448	0.9302	0.9453	0.9441	0.9442	0	0.9355	0.9444	0.9448	0.9272	0.9448	0.9449	0.9432	0.9321	0.9452	0.898	0.9727	0.9465	0.9448	0.9448	0.9442	0.9427	0.9443	0.9411	0.9451	0.9427	0.9442	0.9447	0.9202	0.9342	0.9447	0.9447	0.9448	0.9125
  R	0.9387	0.9358	1.1096	0.936	0.9361	0.997	1.0465	0.8473	0.9356	0.9364	1.0004	0.9355	1.7274	0.936	0.9402	0.9363	0.9355	0	0.9354	0.9354	0.9278	0.9358	0.9356	0.9364	0.9359	0.9358	1.5242	0.9973	0.973	0.9357	1.3511	0.9349	0.9342	0.9363	0.9368	0.9357	0.9356	0.9369	0.9359	0.9296	0.9283	0.9358	0.9351	0.9366	0.9086
  S	0.9444	0.9445	0.9446	0.9442	0.9446	0.9467	0.9475	0.8439	0.9445	0.9436	0.9356	0.9445	0.9296	0.9449	0.944	0.9439	0.9444	0.9354	0	0.9444	0.9273	0.9446	0.9446	0.943	1.8092	0.9448	0.9007	0.9173	0.9463	0.9446	0.9446	0.9439	0.9425	0.9441	0.9409	0.9448	0.943	0.944	0.9444	1.3882	0.9347	0.9443	0.9443	0.9446	0.9786
  T	0.9446	0.9449	0.9449	0.944	0.9448	0.947	0.9478	0.8419	0.9447	0.9439	1.8701	0.9448	0.9303	0.9454	0.9441	0.9441	0.9448	0.9354	0.9444	0	0.9269	0.9448	0.9449	0.9432	0.9319	0.9453	0.8973	0.9169	0.9465	0.9448	0.9448	0.9442	0.9427	0.9443	0.9416	0.9451	0.9426	0.9442	0.9447	0.9199	0.934	0.9446	0.9446	0.9448	0.912
  U	0.9312	1.0649	0.9273	0.9277	0.9282	0.9298	0.9316	4.2814	0.9272	0.9287	3.9495	0.9269	1.8373	1.0776	1.1669	0.932	0.9272	0.9278	0.9273	0.9269	0	0.9275	0.9272	0.929	3.6356	1.0172	6.0233	3.2639	0.9289	0.9273	0.928	0.9268	2.1947	0.9298	0.9329	0.9722	1.3911	2.8834	1.3941	1.6413	0.9267	1.1165	0.9324	0.929	1.4508
  V	0.9447	0.9449	0.945	0.9441	0.9449	0.947	0.9477	0.9578	0.9449	0.9439	0.9359	0.9449	0.9302	0.9453	0.9443	0.9443	0.9448	0.9358	0.9446	0.9448	0.9275	0	0.945	0.9434	0.9324	0.9452	0.8991	0.9178	0.9465	0.9449	0.9449	0.9443	0.9429	0.9444	1.3048	0.9451	0.9428	0.9443	0.9448	0.9208	0.9345	0.9447	0.9447	0.9449	0.9132
  W	0.9447	0.945	0.945	0.9441	0.9449	0.9471	0.9479	0.8423	0.9449	0.9441	1.1437	0.945	0.9367	0.9454	0.9442	0.9443	0.9449	0.9356	0.9446	0.9449	0.9272	0.945	0	0.9433	0.932	0.9453	0.8976	0.9174	0.9467	0.9451	0.945	0.9444	0.9429	0.9445	0.9412	0.9452	0.9428	0.9443	1.2552	0.92	0.9344	0.9448	0.9449	0.945	0.9122
  X	0.9436	0.9433	0.9434	0.9427	0.9433	0.9457	0.9468	0.8477	0.9432	0.9426	0.9359	0.9433	0.9295	0.9437	0.9435	0.9429	0.9432	0.9364	0.943	0.9432	0.929	0.9434	0.9433	0	0.9331	0.9436	1.1812	1.0698	0.9452	0.9434	0.9435	0.9427	0.9414	0.943	0.9405	0.9435	0.9415	0.943	0.9432	0.9254	0.9335	0.9431	0.9431	0.9435	0.9127
  Y	0.9343	0.9323	0.9322	6.0757	0.933	0.9356	0.9378	1.6346	0.9321	0.9327	1.3959	0.9319	0.9316	0.9325	0.9388	0.9345	0.9321	0.9359	1.8092	0.9319	3.6356	0.9324	0.932	0.9331	0	0.9324	18.4358	0.9351	0.9344	0.933	0.9334	0.932	0.932	0.9331	0.9357	0.9322	5.2648	0.9344	0.9332	2.7062	4.0659	0.9324	0.9316	0.9335	2.9116
  Z	0.945	0.9453	0.9453	0.9444	0.9451	0.9474	0.9482	0.8429	0.9452	0.9444	1.0171	0.9452	0.9309	1.1996	0.9443	0.9446	0.9452	0.9358	0.9448	0.9453	1.0172	0.9452	0.9453	0.9436	0.9324	0	0.8986	0.9321	0.9469	0.9452	0.9452	0.9446	0.9433	0.9447	0.9414	1.3764	0.9431	0.9448	0.9452	0.9202	0.9346	0.9452	0.9452	0.9452	0.9125
  [	2.3836	0.8981	0.8985	1.3503	0.9006	0.9319	0.9613	4.4667	0.8981	0.9014	1.4695	0.8973	1.2004	0.8992	0.9236	1.2743	0.898	1.5242	0.9007	0.8973	6.0233	0.8991	0.8976	1.1812	18.4358	0.8986	0	17.0504	0.9177	0.9568	0.9142	0.8974	0.9115	0.902	1.349	0.898	1.837	0.9071	0.9865	27.2662	1.5066	0.8993	0.8964	0.9027	1.7497
  \	1.7334	0.9178	0.9177	0.9186	0.9189	0.933	0.9461	0.9586	0.9173	2.3005	11.0797	0.9169	3.0099	0.9418	1.1738	0.9352	0.9727	0.9973	0.9173	0.9169	3.2639	0.9178	0.9174	1.0698	0.9351	0.9321	17.0504	0	0.9266	0.9176	0.9242	0.9171	1.177	0.9199	2.2306	0.9247	1.1574	0.9229	1.0582	1.3863	1.0977	0.9185	0.9168	0.9201	1.0865
  ]	0.9466	0.9466	0.9468	0.9459	0.9464	1.3117	1.0977	0.8441	0.9465	0.9458	0.9375	0.9466	0.9318	0.947	0.945	0.9459	0.9465	0.973	0.9463	0.9465	0.9289	0.9465	0.9467	0.9452	0.9344	0.9469	0.9177	0.9266	0	0.9466	0.9492	0.9459	0.9445	0.946	0.9424	0.9469	0.9447	0.9456	0.9465	0.9226	0.9357	0.9463	0.9465	0.9464	0.9134
  ^	0.9448	0.9449	0.945	0.9441	0.9449	0.9471	0.9479	0.8433	0.9449	0.9439	0.936	0.9449	0.9299	0.9453	0.9442	0.9443	0.9448	0.9357	0.9446	0.9448	0.9273	0.9449	0.9451	0.9434	0.933	0.9452	0.9568	0.9176	0.9466	0	0.945	0.9443	0.9428	0.9444	0.9412	0.9452	0.943	0.9443	1.2189	0.9207	1.1713	0.9447	0.9448	0.945	0.9127
  _	0.9451	0.9449	0.9452	0.9443	0.9449	0.9514	0.9558	0.8441	0.9449	0.9441	0.9364	0.9449	0.9309	0.9453	0.9443	0.9443	0.9448	1.3511	0.9446	0.9448	0.928	0.9449	0.945	0.9435	0.9334	0.9452	0.9142	0.9242	0.9492	0.945	0	0.9443	0.9429	0.9444	0.9414	0.9452	0.9431	0.9443	0.9448	0.9219	0.9345	0.9447	0.9448	0.945	0.9127
  `	0.9441	0.9834	0.9443	0.9434	0.9442	0.9464	0.9472	0.8423	0.9442	0.9434	1.3757	0.9442	0.9308	0.9447	0.9439	0.9436	0.9442	0.9349	0.9439	0.9442	0.9268	0.9443	0.9444	0.9427	0.932	0.9446	0.8974	0.9171	0.9459	0.9443	0.9443	0	0.9422	0.9438	0.9408	0.9445	0.9421	0.9437	0.9442	0.9199	0.9338	0.9441	0.9441	0.9443	0.9119
  a	0.943	0.9429	0.9429	0.9421	0.9429	0.945	0.9458	0.8462	0.9428	0.9422	0.9371	0.9428	0.9294	0.9435	0.9433	0.9423	0.9427	0.9342	0.9425	0.9427	2.1947	0.9429	0.9429	0.9414	0.932	0.9433	0.9115	1.177	0.9445	0.9428	0.9429	0.9422	0	0.9425	0.9401	0.9432	0.941	0.9428	0.9428	0.9208	0.9331	0.9427	0.9426	0.9431	0.9128
  b	0.9443	0.9445	0.9447	0.9437	0.9444	0.9464	0.9471	1.2767	0.9443	0.9436	0.9376	0.9444	2.8129	0.9448	0.944	0.9438	0.9443	0.9363	0.9441	0.9443	0.9298	0.9444	0.9445	0.943	0.9331	0.9447	0.902	0.9199	0.946	0.9444	0.9444	0.9438	0.9425	0	0.9412	0.9446	0.9425	0.9439	0.9443	0.9223	0.9348	0.9443	0.9442	0.9445	0.915
  c	0.9417	0.9412	0.9413	0.9408	0.9413	0.9429	0.9437	3.9509	0.9411	0.9423	2.3848	0.9411	1.9593	0.9416	0.9429	0.9411	0.9411	0.9368	0.9409	0.9416	0.9329	1.3048	0.9412	0.9405	0.9357	0.9414	1.349	2.2306	0.9424	0.9412	0.9414	0.9408	0.9401	0.9412	0	0.9413	0.9402	0.9415	0.9421	0.9291	0.9356	0.9412	0.9419	0.9415	0.9226
  d	0.9449	0.9452	0.9452	0.9443	0.9451	0.9473	0.9481	0.8424	0.9451	0.9442	0.9765	0.9451	0.9304	1.0769	0.9443	0.9445	0.9451	0.9357	0.9448	0.9451	0.9722	0.9451	0.9452	0.9435	0.9322	1.3764	0.898	0.9247	0.9469	0.9452	0.9452	0.9445	0.9432	0.9446	0.9413	0	0.943	0.9446	0.9451	0.92	0.9344	0.945	0.9451	0.9451	0.9123
  e	0.943	0.9428	0.9428	1.4322	0.9428	0.9454	0.9465	0.8494	0.9427	0.9421	1.0126	0.9427	0.9415	0.9432	1.4154	0.9423	0.9427	0.9356	0.943	0.9426	1.3911	0.9428	0.9428	0.9415	5.2648	0.9431	1.837	1.1574	0.9447	0.943	0.9431	0.9421	0.941	0.9425	0.9402	0.943	0	0.9426	0.9429	1.5418	1.8551	0.9426	0.9425	0.943	1.3719
  f	0.9442	0.9443	0.9443	0.9436	0.9442	0.946	0.9467	1.7232	0.9442	0.9435	0.9374	0.9442	0.9325	0.9449	0.9441	0.9438	0.9442	0.9369	0.944	0.9442	2.8834	0.9443	0.9443	0.943	0.9344	0.9448	0.9071	0.9229	0.9456	0.9443	0.9443	0.9437	0.9428	0.9439	0.9415	0.9446	0.9426	0	0.9441	0.9251	0.9359	0.9442	0.9441	0.9443	0.9187
  g	0.9446	0.9449	0.9449	0.9439	0.9447	0.947	0.9479	0.8436	0.9447	0.9453	1.3442	0.9447	1.3965	0.9454	0.9441	0.9442	0.9447	0.9359	0.9444	0.9447	1.3941	0.9448	1.2552	0.9432	0.9332	0.9452	0.9865	1.0582	0.9465	1.2189	0.9448	0.9442	0.9428	0.9443	0.9421	0.9451	0.9429	0.9441	0	0.9208	1.2529	0.9447	0.9446	0.9448	0.9128
  h	0.9247	0.9201	0.9204	0.9215	0.9217	0.924	0.9269	6.215	0.9203	0.9218	0.93	0.9199	0.9243	0.9203	0.9335	0.9456	0.9202	0.9296	1.3882	0.9199	1.6413	0.9208	0.92	0.9254	2.7062	0.9202	27.2662	1.3863	0.9226	0.9207	0.9219	0.9199	0.9208	0.9223	0.9291	0.92	1.5418	0.9251	0.9208	0	1.7512	0.9207	0.9194	0.9228	3.4265
  i	0.936	0.9346	0.9344	0.9346	0.9361	0.9362	0.9372	1.7235	0.9342	0.9344	2.8306	0.9341	1.2491	0.9348	0.9937	0.9343	0.9342	0.9283	0.9347	0.934	0.9267	0.9345	0.9344	0.9335	4.0659	0.9346	1.5066	1.0977	0.9357	1.1713	0.9345	0.9338	0.9331	0.9348	0.9356	0.9344	1.8551	0.9359	1.2529	1.7512	0	0.9345	0.9338	0.9354	2.8857
  j	0.9445	0.9449	0.9449	0.9439	0.9447	0.9467	0.9475	0.9015	0.9446	0.9438	1.8196	0.9447	2.3474	0.9453	0.9442	0.9441	0.9447	0.9358	0.9443	0.9446	1.1165	0.9447	0.9448	0.9431	0.9324	0.9452	0.8993	0.9185	0.9463	0.9447	0.9447	0.9441	0.9427	0.9443	0.9412	0.945	0.9426	0.9442	0.9447	0.9207	0.9345	0	0.9446	0.9448	0.9131
  k	0.9445	0.9448	0.9448	0.9439	0.9447	0.947	0.9478	0.84	0.9447	1.4094	1.8708	0.9473	0.9396	0.9453	0.944	0.944	0.9447	0.9351	0.9443	0.9446	0.9324	0.9447	0.9449	0.9431	0.9316	0.9452	0.8964	0.9168	0.9465	0.9448	0.9448	0.9441	0.9426	0.9442	0.9419	0.9451	0.9425	0.9441	0.9446	0.9194	0.9338	0.9446	0	0.9448	0.9113
  l	0.9447	0.9449	0.945	0.9442	0.9449	0.9468	0.9475	1.2792	0.9449	0.944	0.9366	0.9449	0.9313	0.9453	0.9443	0.9443	0.9448	0.9366	0.9446	0.9448	0.929	0.9449	0.945	0.9435	0.9335	0.9452	0.9027	0.9201	0.9464	0.945	0.945	0.9443	0.9431	0.9445	0.9415	0.9451	0.943	0.9443	0.9448	0.9228	0.9354	0.9448	0.9448	0	0.9158
  m	0.9179	0.9124	0.9127	0.9142	2.2883	0.9139	0.9148	3.4662	0.9126	1.3715	1.3824	0.9121	0.9141	0.9128	0.9294	0.9135	0.9125	0.9086	0.9786	0.912	1.4508	0.9132	0.9122	0.9127	2.9116	0.9125	1.7497	1.0865	0.9134	0.9127	0.9127	0.9119	0.9128	0.915	0.9226	0.9123	1.3719	0.9187	0.9128	3.4265	2.8857	0.9131	0.9113	0.9158	0

Actual rates from j->i (Q_ij):
	A	B	C	D	E	F	G	H	I	J	K	L	M	N	O	P	Q	R	S	T	U	V	W	X	Y	Z	[	\	]	^	_	`	a	b	c	d	e	f	g	h	i	j	k	l	m
  A	0	0.0203	0.0203	0.0203	0.0203	0.0203	0.0203	0.0184	0.0203	0.0202	0.0201	0.0203	0.02	0.0203	0.0203	0.0203	0.0203	0.0201	0.0203	0.0203	0.02	0.0203	0.0203	0.0202	0.02	0.0203	0.0511	0.0372	0.0203	0.0203	0.0203	0.0203	0.0202	0.0203	0.0202	0.0203	0.0202	0.0203	0.0203	0.0198	0.0201	0.0203	0.0203	0.0203	0.0197
  B	0.0245	0	0.0246	0.0245	0.0246	0.0246	0.0246	0.022	0.0246	0.0245	0.0362	0.0246	0.0464	0.0246	0.0245	0.0245	0.0246	0.0243	0.0245	0.0246	0.0277	0.0246	0.0246	0.0245	0.0242	0.0246	0.0233	0.0239	0.0246	0.0246	0.0246	0.0256	0.0245	0.0245	0.0245	0.0246	0.0245	0.0245	0.0246	0.0239	0.0243	0.0246	0.0246	0.0246	0.0237
  C	0.0243	0.0243	0	0.0243	0.0243	0.0244	0.0244	0.0217	0.0243	0.0243	0.0241	0.0243	0.0329	0.0243	0.0243	0.0243	0.0243	0.0286	0.0243	0.0243	0.0239	0.0243	0.0243	0.0243	0.024	0.0243	0.0231	0.0236	0.0244	0.0243	0.0243	0.0243	0.0243	0.0243	0.0242	0.0243	0.0243	0.0243	0.0243	0.0237	0.024	0.0243	0.0243	0.0243	0.0235
  D	0.0231	0.0231	0.0231	0	0.0231	0.0231	0.0232	0.0207	0.0231	0.0231	0.0229	0.0231	0.0227	0.0231	0.0231	0.0231	0.0231	0.0229	0.0231	0.0231	0.0227	0.0231	0.0231	0.023	0.1485	0.0231	0.033	0.0225	0.0231	0.0231	0.0231	0.0231	0.023	0.0231	0.023	0.0231	0.035	0.0231	0.0231	0.0225	0.0228	0.0231	0.0231	0.0231	0.0223
  E	0.023	0.023	0.023	0.023	0	0.0231	0.0231	0.0207	0.023	0.023	0.0228	0.023	0.0227	0.023	0.023	0.023	0.023	0.0228	0.023	0.023	0.0226	0.023	0.023	0.023	0.0227	0.023	0.0219	0.0224	0.0231	0.023	0.023	0.023	0.023	0.023	0.0229	0.023	0.023	0.023	0.023	0.0225	0.0228	0.023	0.023	0.023	0.0557
  F	0.0247	0.0247	0.0247	0.0247	0.0247	0	0.0307	0.022	0.0247	0.0246	0.0244	0.0247	0.0243	0.0247	0.0246	0.0247	0.0247	0.026	0.0247	0.0247	0.0242	0.0247	0.0247	0.0246	0.0244	0.0247	0.0243	0.0243	0.0342	0.0247	0.0248	0.0247	0.0246	0.0247	0.0246	0.0247	0.0246	0.0246	0.0247	0.0241	0.0244	0.0247	0.0247	0.0247	0.0238
  G	0.0245	0.0245	0.0245	0.0245	0.0245	0.0304	0	0.0219	0.0245	0.0245	0.0243	0.0245	0.0241	0.0245	0.0244	0.0245	0.0245	0.027	0.0245	0.0245	0.0241	0.0245	0.0245	0.0245	0.0242	0.0245	0.0248	0.0244	0.0284	0.0245	0.0247	0.0245	0.0244	0.0245	0.0244	0.0245	0.0245	0.0245	0.0245	0.0239	0.0242	0.0245	0.0245	0.0245	0.0236
  H	0.0144	0.0142	0.0142	0.0143	0.0143	0.0142	0.0143	0	0.0142	0.0143	0.0241	0.0142	0.0434	0.0142	0.1121	0.0146	0.0142	0.0142	0.0142	0.0142	0.072	0.0161	0.0142	0.0143	0.0275	0.0142	0.0751	0.0161	0.0142	0.0142	0.0142	0.0142	0.0142	0.0215	0.0664	0.0142	0.0143	0.029	0.0142	0.1045	0.029	0.0152	0.0141	0.0215	0.0583
  I	0.0243	0.0243	0.0243	0.0243	0.0243	0.0244	0.0244	0.0217	0	0.0243	0.0241	0.0243	0.0359	0.0244	0.0243	0.0243	0.0243	0.0241	0.0243	0.0243	0.0239	0.0243	0.0243	0.0243	0.024	0.0244	0.0231	0.0236	0.0244	0.0243	0.0243	0.0243	0.0243	0.0243	0.0242	0.0243	0.0243	0.0243	0.0243	0.0237	0.0241	0.0243	0.0243	0.0243	0.0235
  J	0.0226	0.0226	0.0226	0.0226	0.0226	0.0227	0.0227	0.0204	0.0226	0	0.046	0.0333	0.0452	0.0226	0.0226	0.0226	0.0326	0.0224	0.0226	0.0226	0.0223	0.0226	0.0226	0.0226	0.0224	0.0226	0.0216	0.0551	0.0227	0.0226	0.0226	0.0226	0.0226	0.0226	0.0226	0.0226	0.0226	0.0226	0.0227	0.0221	0.0224	0.0226	0.0338	0.0226	0.0329
  K	0.0129	0.0192	0.0129	0.0129	0.0129	0.0129	0.0129	0.0197	0.0129	0.0264	0	0.0129	0.1187	0.0147	0.0129	0.0165	0.0182	0.0138	0.0129	0.0257	0.0543	0.0129	0.0157	0.0129	0.0192	0.014	0.0202	0.1524	0.0129	0.0129	0.0129	0.0189	0.0129	0.0129	0.0328	0.0134	0.0139	0.0129	0.0185	0.0128	0.0389	0.025	0.0257	0.0129	0.019
  L	0.0248	0.0248	0.0248	0.0248	0.0248	0.0248	0.0249	0.0221	0.0248	0.0364	0.0246	0	0.025	0.0248	0.0248	0.0248	0.0248	0.0245	0.0248	0.0248	0.0243	0.0248	0.0248	0.0247	0.0244	0.0248	0.0235	0.024	0.0248	0.0248	0.0248	0.0248	0.0247	0.0248	0.0247	0.0248	0.0247	0.0248	0.0248	0.0241	0.0245	0.0248	0.0248	0.0248	0.0239
  M	0.0189	0.0363	0.0259	0.0189	0.0189	0.0189	0.019	0.0524	0.0283	0.0383	0.1752	0.0194	0	0.0189	0.0191	0.0333	0.0189	0.0351	0.0189	0.0189	0.0373	0.0189	0.019	0.0189	0.0189	0.0189	0.0244	0.0611	0.0189	0.0189	0.0189	0.0189	0.0189	0.0571	0.0398	0.0189	0.0191	0.0189	0.0284	0.0188	0.0254	0.0477	0.0191	0.0189	0.0186
  N	0.0245	0.0245	0.0245	0.0245	0.0245	0.0246	0.0246	0.0219	0.0245	0.0245	0.0278	0.0245	0.0242	0	0.0245	0.0245	0.0245	0.0243	0.0245	0.0245	0.0279	0.0245	0.0245	0.0245	0.0242	0.0311	0.0233	0.0244	0.0246	0.0245	0.0245	0.0245	0.0245	0.0245	0.0244	0.0279	0.0245	0.0245	0.0245	0.0239	0.0242	0.0245	0.0245	0.0245	0.0237
  O	0.0112	0.0113	0.0112	0.0112	0.0112	0.0113	0.0113	0.0794	0.0112	0.0112	0.0112	0.0112	0.0112	0.0113	0	0.0112	0.0112	0.0112	0.0112	0.0112	0.0139	0.0113	0.0112	0.0112	0.0112	0.0113	0.011	0.014	0.0113	0.0112	0.0113	0.0112	0.0112	0.0112	0.0112	0.0113	0.0169	0.0112	0.0112	0.0111	0.0118	0.0112	0.0112	0.0113	0.0111
  P	0.0236	0.0236	0.0236	0.0235	0.0236	0.0236	0.0236	0.0217	0.0236	0.0235	0.0298	0.0236	0.0409	0.0236	0.0235	0	0.0236	0.0234	0.0235	0.0236	0.0232	0.0236	0.0236	0.0235	0.0233	0.0236	0.0318	0.0233	0.0236	0.0236	0.0236	0.0235	0.0235	0.0235	0.0235	0.0236	0.0235	0.0235	0.0236	0.0236	0.0233	0.0236	0.0235	0.0236	0.0228
  Q	0.0244	0.0244	0.0244	0.0244	0.0244	0.0245	0.0245	0.0218	0.0244	0.0352	0.0342	0.0244	0.0241	0.0245	0.0244	0.0244	0	0.0242	0.0244	0.0244	0.024	0.0244	0.0244	0.0244	0.0241	0.0245	0.0232	0.0252	0.0245	0.0244	0.0244	0.0244	0.0244	0.0244	0.0243	0.0245	0.0244	0.0244	0.0244	0.0238	0.0242	0.0244	0.0244	0.0244	0.0236
  R	0.0239	0.0238	0.0283	0.0239	0.0239	0.0254	0.0267	0.0216	0.0238	0.0239	0.0255	0.0238	0.044	0.0239	0.024	0.0239	0.0238	0	0.0238	0.0238	0.0236	0.0238	0.0238	0.0239	0.0239	0.0238	0.0388	0.0254	0.0248	0.0238	0.0344	0.0238	0.0238	0.0239	0.0239	0.0238	0.0238	0.0239	0.0239	0.0237	0.0237	0.0238	0.0238	0.0239	0.0232
  S	0.0243	0.0243	0.0243	0.0242	0.0243	0.0243	0.0243	0.0217	0.0243	0.0242	0.024	0.0243	0.0239	0.0243	0.0242	0.0242	0.0243	0.024	0	0.0243	0.0238	0.0243	0.0243	0.0242	0.0465	0.0243	0.0231	0.0236	0.0243	0.0243	0.0243	0.0242	0.0242	0.0242	0.0242	0.0243	0.0242	0.0242	0.0243	0.0357	0.024	0.0243	0.0243	0.0243	0.0251
  T	0.0248	0.0248	0.0248	0.0248	0.0248	0.0248	0.0249	0.0221	0.0248	0.0247	0.049	0.0248	0.0244	0.0248	0.0248	0.0248	0.0248	0.0245	0.0248	0	0.0243	0.0248	0.0248	0.0247	0.0244	0.0248	0.0235	0.024	0.0248	0.0248	0.0248	0.0248	0.0247	0.0248	0.0247	0.0248	0.0247	0.0248	0.0248	0.0241	0.0245	0.0248	0.0248	0.0248	0.0239
  U	0.0128	0.0147	0.0128	0.0128	0.0128	0.0128	0.0128	0.059	0.0128	0.0128	0.0544	0.0128	0.0253	0.0149	0.0161	0.0128	0.0128	0.0128	0.0128	0.0128	0	0.0128	0.0128	0.0128	0.0501	0.014	0.083	0.045	0.0128	0.0128	0.0128	0.0128	0.0303	0.0128	0.0129	0.0134	0.0192	0.0397	0.0192	0.0226	0.0128	0.0154	0.0129	0.0128	0.02
  V	0.0239	0.0239	0.0239	0.0239	0.0239	0.0239	0.024	0.0242	0.0239	0.0239	0.0237	0.0239	0.0235	0.0239	0.0239	0.0239	0.0239	0.0237	0.0239	0.0239	0.0235	0	0.0239	0.0239	0.0236	0.0239	0.0227	0.0232	0.0239	0.0239	0.0239	0.0239	0.0238	0.0239	0.033	0.0239	0.0238	0.0239	0.0239	0.0233	0.0236	0.0239	0.0239	0.0239	0.0231
  W	0.0247	0.0247	0.0247	0.0247	0.0247	0.0247	0.0248	0.022	0.0247	0.0247	0.0299	0.0247	0.0245	0.0247	0.0247	0.0247	0.0247	0.0244	0.0247	0.0247	0.0242	0.0247	0	0.0246	0.0243	0.0247	0.0234	0.024	0.0247	0.0247	0.0247	0.0247	0.0246	0.0247	0.0246	0.0247	0.0246	0.0247	0.0328	0.024	0.0244	0.0247	0.0247	0.0247	0.0238
  X	0.0236	0.0236	0.0236	0.0236	0.0236	0.0237	0.0237	0.0212	0.0236	0.0236	0.0234	0.0236	0.0233	0.0236	0.0236	0.0236	0.0236	0.0235	0.0236	0.0236	0.0233	0.0236	0.0236	0	0.0234	0.0236	0.0296	0.0268	0.0237	0.0236	0.0236	0.0236	0.0236	0.0236	0.0236	0.0236	0.0236	0.0236	0.0236	0.0232	0.0234	0.0236	0.0236	0.0236	0.0229
  Y	0.0098	0.0098	0.0098	0.0639	0.0098	0.0098	0.0099	0.0172	0.0098	0.0098	0.0147	0.0098	0.0098	0.0098	0.0099	0.0098	0.0098	0.0098	0.019	0.0098	0.0382	0.0098	0.0098	0.0098	0	0.0098	0.1939	0.0098	0.0098	0.0098	0.0098	0.0098	0.0098	0.0098	0.0098	0.0098	0.0554	0.0098	0.0098	0.0285	0.0428	0.0098	0.0098	0.0098	0.0306
  Z	0.0246	0.0247	0.0247	0.0246	0.0247	0.0247	0.0247	0.022	0.0247	0.0246	0.0265	0.0247	0.0243	0.0313	0.0246	0.0246	0.0247	0.0244	0.0246	0.0247	0.0265	0.0247	0.0247	0.0246	0.0243	0	0.0234	0.0243	0.0247	0.0247	0.0247	0.0246	0.0246	0.0246	0.0246	0.0359	0.0246	0.0246	0.0247	0.024	0.0244	0.0247	0.0247	0.0247	0.0238
  [	0.0321	0.0121	0.0121	0.0182	0.0121	0.0126	0.0129	0.0602	0.0121	0.0121	0.0198	0.0121	0.0162	0.0121	0.0124	0.0172	0.0121	0.0205	0.0121	0.0121	0.0811	0.0121	0.0121	0.0159	0.2483	0.0121	0	0.2297	0.0124	0.0129	0.0123	0.0121	0.0123	0.0121	0.0182	0.0121	0.0247	0.0122	0.0133	0.3672	0.0203	0.0121	0.0121	0.0122	0.0236
  \	0.0173	0.0092	0.0092	0.0092	0.0092	0.0093	0.0095	0.0096	0.0092	0.023	0.1107	0.0092	0.0301	0.0094	0.0117	0.0093	0.0097	0.01	0.0092	0.0092	0.0326	0.0092	0.0092	0.0107	0.0093	0.0093	0.1704	0	0.0093	0.0092	0.0092	0.0092	0.0118	0.0092	0.0223	0.0092	0.0116	0.0092	0.0106	0.0139	0.011	0.0092	0.0092	0.0092	0.0109
  ]	0.0247	0.0247	0.0247	0.0247	0.0247	0.0343	0.0287	0.0221	0.0247	0.0247	0.0245	0.0247	0.0244	0.0248	0.0247	0.0247	0.0247	0.0254	0.0247	0.0247	0.0243	0.0247	0.0247	0.0247	0.0244	0.0248	0.024	0.0242	0	0.0247	0.0248	0.0247	0.0247	0.0247	0.0246	0.0247	0.0247	0.0247	0.0247	0.0241	0.0245	0.0247	0.0247	0.0247	0.0239
  ^	0.0244	0.0245	0.0245	0.0244	0.0245	0.0245	0.0245	0.0218	0.0245	0.0244	0.0242	0.0245	0.0241	0.0245	0.0244	0.0244	0.0245	0.0242	0.0244	0.0245	0.024	0.0245	0.0245	0.0244	0.0241	0.0245	0.0248	0.0237	0.0245	0	0.0245	0.0244	0.0244	0.0244	0.0244	0.0245	0.0244	0.0244	0.0315	0.0238	0.0303	0.0244	0.0244	0.0245	0.0236
  _	0.0244	0.0244	0.0244	0.0244	0.0244	0.0246	0.0247	0.0218	0.0244	0.0244	0.0242	0.0244	0.0241	0.0244	0.0244	0.0244	0.0244	0.0349	0.0244	0.0244	0.024	0.0244	0.0244	0.0244	0.0241	0.0244	0.0236	0.0239	0.0245	0.0244	0	0.0244	0.0244	0.0244	0.0243	0.0244	0.0244	0.0244	0.0244	0.0238	0.0242	0.0244	0.0244	0.0244	0.0236
  `	0.0246	0.0256	0.0246	0.0246	0.0246	0.0246	0.0247	0.0219	0.0246	0.0246	0.0358	0.0246	0.0242	0.0246	0.0246	0.0246	0.0246	0.0243	0.0246	0.0246	0.0241	0.0246	0.0246	0.0245	0.0243	0.0246	0.0234	0.0239	0.0246	0.0246	0.0246	0	0.0245	0.0246	0.0245	0.0246	0.0245	0.0246	0.0246	0.0239	0.0243	0.0246	0.0246	0.0246	0.0237
  a	0.0234	0.0234	0.0234	0.0234	0.0234	0.0234	0.0235	0.021	0.0234	0.0234	0.0232	0.0234	0.0231	0.0234	0.0234	0.0234	0.0234	0.0232	0.0234	0.0234	0.0544	0.0234	0.0234	0.0233	0.0231	0.0234	0.0226	0.0292	0.0234	0.0234	0.0234	0.0234	0	0.0234	0.0233	0.0234	0.0233	0.0234	0.0234	0.0228	0.0231	0.0234	0.0234	0.0234	0.0226
  b	0.0222	0.0222	0.0222	0.0222	0.0222	0.0223	0.0223	0.03	0.0222	0.0222	0.0221	0.0222	0.0662	0.0222	0.0222	0.0222	0.0222	0.022	0.0222	0.0222	0.0219	0.0222	0.0222	0.0222	0.022	0.0222	0.0212	0.0216	0.0223	0.0222	0.0222	0.0222	0.0222	0	0.0221	0.0222	0.0222	0.0222	0.0222	0.0217	0.022	0.0222	0.0222	0.0222	0.0215
  c	0.015	0.015	0.015	0.015	0.015	0.0151	0.0151	0.0631	0.015	0.0151	0.0381	0.015	0.0313	0.015	0.0151	0.015	0.015	0.015	0.015	0.015	0.0149	0.0208	0.015	0.015	0.0149	0.015	0.0216	0.0356	0.0151	0.015	0.015	0.015	0.015	0.015	0	0.015	0.015	0.015	0.0151	0.0148	0.0149	0.015	0.015	0.015	0.0147
  d	0.0247	0.0247	0.0247	0.0247	0.0247	0.0248	0.0248	0.0221	0.0247	0.0247	0.0256	0.0247	0.0244	0.0282	0.0247	0.0247	0.0247	0.0245	0.0247	0.0247	0.0255	0.0247	0.0247	0.0247	0.0244	0.036	0.0235	0.0242	0.0248	0.0247	0.0247	0.0247	0.0247	0.0247	0.0246	0	0.0247	0.0247	0.0247	0.0241	0.0245	0.0247	0.0247	0.0247	0.0239
  e	0.0226	0.0226	0.0226	0.0343	0.0226	0.0227	0.0227	0.0204	0.0226	0.0226	0.0243	0.0226	0.0226	0.0226	0.0339	0.0226	0.0226	0.0224	0.0226	0.0226	0.0334	0.0226	0.0226	0.0226	0.1262	0.0226	0.044	0.0277	0.0226	0.0226	0.0226	0.0226	0.0226	0.0226	0.0225	0.0226	0	0.0226	0.0226	0.037	0.0445	0.0226	0.0226	0.0226	0.0329
  f	0.0195	0.0195	0.0195	0.0194	0.0195	0.0195	0.0195	0.0355	0.0195	0.0194	0.0193	0.0195	0.0192	0.0195	0.0195	0.0195	0.0195	0.0193	0.0195	0.0195	0.0594	0.0195	0.0195	0.0194	0.0193	0.0195	0.0187	0.019	0.0195	0.0195	0.0195	0.0195	0.0194	0.0195	0.0194	0.0195	0.0194	0	0.0195	0.0191	0.0193	0.0195	0.0195	0.0195	0.0189
  g	0.0244	0.0244	0.0244	0.0244	0.0244	0.0245	0.0245	0.0218	0.0244	0.0244	0.0347	0.0244	0.0361	0.0244	0.0244	0.0244	0.0244	0.0242	0.0244	0.0244	0.036	0.0244	0.0324	0.0244	0.0241	0.0244	0.0255	0.0273	0.0244	0.0315	0.0244	0.0244	0.0244	0.0244	0.0243	0.0244	0.0244	0.0244	0	0.0238	0.0324	0.0244	0.0244	0.0244	0.0236
  h	0.006	0.006	0.006	0.006	0.006	0.006	0.006	0.0405	0.006	0.006	0.0061	0.006	0.006	0.006	0.0061	0.0062	0.006	0.0061	0.009	0.006	0.0107	0.006	0.006	0.006	0.0176	0.006	0.1775	0.009	0.006	0.006	0.006	0.006	0.006	0.006	0.006	0.006	0.01	0.006	0.006	0	0.0114	0.006	0.006	0.006	0.0223
  i	0.0193	0.0193	0.0193	0.0193	0.0193	0.0193	0.0193	0.0355	0.0193	0.0193	0.0583	0.0193	0.0257	0.0193	0.0205	0.0193	0.0193	0.0191	0.0193	0.0193	0.0191	0.0193	0.0193	0.0192	0.0838	0.0193	0.0311	0.0226	0.0193	0.0241	0.0193	0.0192	0.0192	0.0193	0.0193	0.0193	0.0382	0.0193	0.0258	0.0361	0	0.0193	0.0192	0.0193	0.0595
  j	0.024	0.024	0.024	0.0239	0.024	0.024	0.024	0.0229	0.024	0.0239	0.0462	0.024	0.0596	0.024	0.024	0.024	0.024	0.0237	0.024	0.024	0.0283	0.024	0.024	0.0239	0.0237	0.024	0.0228	0.0233	0.024	0.024	0.024	0.024	0.0239	0.024	0.0239	0.024	0.0239	0.024	0.024	0.0234	0.0237	0	0.024	0.024	0.0232
  k	0.0253	0.0253	0.0253	0.0253	0.0253	0.0253	0.0254	0.0225	0.0253	0.0377	0.0501	0.0253	0.0251	0.0253	0.0253	0.0253	0.0253	0.025	0.0253	0.0253	0.025	0.0253	0.0253	0.0252	0.0249	0.0253	0.024	0.0245	0.0253	0.0253	0.0253	0.0253	0.0252	0.0253	0.0252	0.0253	0.0252	0.0253	0.0253	0.0246	0.025	0.0253	0	0.0253	0.0244
  l	0.0219	0.0219	0.0219	0.0219	0.0219	0.0219	0.0219	0.0296	0.0219	0.0219	0.0217	0.0219	0.0216	0.0219	0.0219	0.0219	0.0219	0.0217	0.0219	0.0219	0.0215	0.0219	0.0219	0.0218	0.0216	0.0219	0.0209	0.0213	0.0219	0.0219	0.0219	0.0219	0.0218	0.0219	0.0218	0.0219	0.0218	0.0219	0.0219	0.0214	0.0217	0.0219	0.0219	0	0.0212
  m	0.0144	0.0144	0.0144	0.0144	0.036	0.0144	0.0144	0.0546	0.0144	0.0216	0.0218	0.0144	0.0144	0.0144	0.0146	0.0144	0.0144	0.0143	0.0154	0.0144	0.0228	0.0144	0.0144	0.0144	0.0458	0.0144	0.0275	0.0171	0.0144	0.0144	0.0144	0.0144	0.0144	0.0144	0.0145	0.0144	0.0216	0.0145	0.0144	0.0539	0.0454	0.0144	0.0143	0.0144	0
