{
  "generated_by": {
    "program": "augur",
    "version": "13.0.2"
  },
  "models": {
    "country": {
      "alphabet": [
        "Australia",
        "Brunei",
        "Cambodia",
        "Canada",
        "China",
        "Denmark",
        "France",
        "Germany",
        "Greece",
        "Guinea",
        "Hong Kong",
        "Hungary",
        "Japan",
        "Laos",
        "Madagascar",
        "Malaysia",
        "Mauritania",
        "Na",
        "Netherlands",
        "Norway",
        "Russia",
        "Senegal",
        "Singapore",
        "South Korea",
        "Spain",
        "Switzerland",
        "Taiwan",
        "Thailand",
        "Unknown",
        "Usa",
        "Viet Nam",
        "?"
      ],
      "equilibrium_probabilities": [
        0.03280832944713069,
        0.03610998751440721,
        0.02474005160452204,
        0.0344727729951973,
        0.028258940275855245,
        0.036958085900617825,
        0.03758165177145694,
        0.03569038243975351,
        0.0359657279734268,
        0.036259456074190496,
        0.02230133025676448,
        0.035655203135398515,
        0.02352429922070972,
        0.03201187329703956,
        0.03599175274057536,
        0.031766903950416286,
        0.03643878687403978,
        0.02416935598871064,
        0.03330198839785936,
        0.03640150729818725,
        0.03201657150740584,
        0.036187654305961596,
        0.037994100189471594,
        0.03529571203889623,
        0.03588973897801799,
        0.03646993391949312,
        0.019728161589215084,
        0.022820410892758554,
        0.03485993513095191,
        0.034739793433467496,
        0.0235896008581015
      ],
      "rate": 12.53839517704608,
      "transition_matrix": [
        [
          0.0,
          0.9400454019777629,
          0.9367605184250594,
          1.2790708245298261,
          1.345880329328068,
          0.9427666336516809,
          0.9400529010730426,
          0.9394292207995452,
          0.9411603302065769,
          0.94219664140041,
          0.9400947309325672,
          0.9400340499037158,
          1.1911312277472257,
          0.9401101131006936,
          0.9444855053681981,
          1.0170672751043792,
          0.9400288712547838,
          0.9397594545075233,
          1.5838667867532594,
          1.1681440891940404,
          0.9400790928443566,
          0.9432494832219688,
          0.9395404197604795,
          0.9398648418626934,
          0.939613610441828,
          0.9447766734788097,
          0.977567438647953,
          1.0561335979106534,
          1.3580515574269336,
          0.9396644278706737,
          0.91978689850691
        ],
        [
          0.9400454019777629,
          0.0,
          0.9373769433369455,
          0.9408620270879383,
          0.8915238930706366,
          0.9430858852106493,
          0.9414695473948819,
          0.9408247068752863,
          0.9412632082547553,
          0.94358544155747,
          0.9408493245484395,
          0.9415043725341438,
          0.9404454327976784,
          0.9414713518376204,
          0.9455359018434533,
          1.4064828482663105,
          0.9415863882786422,
          0.9401607938637947,
          0.9393228029138466,
          0.9415825328372329,
          0.9414369230760703,
          0.9443773586356559,
          0.9408660158353875,
          0.9411156230812692,
          0.9410528201635049,
          0.94146129702555,
          0.924415926246173,
          0.9375054561010114,
          0.9403581232122517,
          0.940590211788185,
          0.9185357083167639
        ],
        [
          0.9367605184250594,
          0.9373769433369455,
          0.0,
          0.9371084936016884,
          1.8063159755617006,
          0.9394697260637588,
          0.9371602926352667,
          0.936979765538958,
          0.9372349831801474,
          0.9390428515211455,
          0.9386715231927626,
          0.937398765164903,
          0.9397046536210231,
          0.9378007337658374,
          0.9408246110827598,
          0.9355073594935708,
          0.9373633482723107,
          0.9379346472559665,
          0.9383008471597527,
          0.937369954013081,
          0.9377775118538604,
          0.9398695288140995,
          0.9367124452696914,
          0.9372121891585972,
          0.9370603555863672,
          0.9372647599043675,
          0.9288978228315161,
          1.4149810218549674,
          0.9367376727099244,
          0.9372582262143265,
          7.941850630019132
        ],
        [
          1.2790708245298261,
          0.9408620270879383,
          0.9371084936016884,
          0.0,
          1.1363724482459319,
          0.9432754156822412,
          0.9460145551865264,
          0.9401211948502359,
          0.9713911963428722,
          0.9429530445530153,
          0.941672295560176,
          0.940839159340184,
          1.1994420297894854,
          0.9408003792768631,
          0.9452068748310922,
          1.2592051044034027,
          0.9407723303974316,
          0.94473101952875,
          1.8438441683416433,
          0.9408248341542197,
          0.9407676623847471,
          0.943965313139404,
          0.9422688644516962,
          0.9404977497640711,
          0.9403324162299486,
          0.9406469109435729,
          0.9288719690544923,
          0.9418447921072256,
          0.9400673776467822,
          0.9459752062488008,
          0.9192791719521247
        ],
        [
          1.345880329328068,
          0.8915238930706366,
          1.8063159755617006,
          1.1363724482459319,
          0.0,
          0.9822746909869632,
          0.89126413006831,
          0.8959101533341811,
          0.8997391820897751,
          0.9072824931661702,
          4.0799428667746085,
          0.8931381149672452,
          3.122186360531171,
          1.3440781896001048,
          0.9289699865480489,
          0.9192282299825847,
          0.8916666430560379,
          2.9355126937705203,
          1.38374345583415,
          0.8912330407686986,
          1.3441186262462996,
          0.9236316357553341,
          0.8923796690701421,
          0.9097500192840086,
          0.8924980026067645,
          0.8908747487077803,
          5.583006481747673,
          3.098159096694467,
          0.8942152097368049,
          1.0425322450139176,
          3.268435736267879
        ],
        [
          0.9427666336516809,
          0.9430858852106493,
          0.9394697260637588,
          0.9432754156822412,
          0.9822746909869632,
          0.0,
          0.9433288590169825,
          1.8932677894415089,
          0.9431772281221706,
          0.9995937781239747,
          0.9446221150117845,
          0.9432305650082248,
          1.0606115706272243,
          0.943312334246621,
          1.0807013474981628,
          0.9430011806707447,
          0.9450650819912304,
          0.9439786010141431,
          0.9622258961834751,
          0.9430983448381082,
          0.9432772484847636,
          1.058762438608444,
          0.9431199628577353,
          0.943890720132023,
          0.9434971632237267,
          0.9429682510455424,
          0.954912946015829,
          0.9484688486116594,
          0.9421277636357133,
          0.9692881380063098,
          0.9220371746066249
        ],
        [
          0.9400529010730426,
          0.9414695473948819,
          0.9371602926352667,
          0.9460145551865264,
          0.89126413006831,
          0.9433288590169825,
          0.0,
          0.9407207596887248,
          1.1109939737950352,
          0.9436450006028867,
          0.9409387962907361,
          0.9414651494461496,
          0.9410677243658669,
          0.9413871744297712,
          0.9457621743903716,
          0.9378983551701489,
          0.9414944204440879,
          0.9405648701192715,
          1.2892611283921989,
          0.941512206281172,
          0.9413513329748691,
          0.944532297058063,
          0.9410956112860804,
          0.941029311601928,
          1.4114040015259013,
          0.9413627858247317,
          0.9242019257286803,
          1.4066102012946884,
          0.940306682114459,
          0.9412104486338572,
          0.9175913413813949
        ],
        [
          0.9394292207995452,
          0.9408247068752863,
          0.936979765538958,
          0.9401211948502359,
          0.8959101533341811,
          1.8932677894415089,
          0.9407207596887248,
          0.0,
          0.9405849465029694,
          0.9451851401352818,
          0.9405394811338526,
          0.9407874226209667,
          0.9449261813570938,
          0.9408408029987718,
          0.9502843435456729,
          0.93731409655598,
          0.9409274323394728,
          0.9398166626134761,
          0.9397612177085347,
          0.9408359383630348,
          0.9408067163480952,
          0.9482757377960268,
          0.9401257585941392,
          0.9404600856675782,
          1.4111686980539258,
          0.9407137098653625,
          0.9255343962728109,
          0.9379257885856136,
          0.9396740375712824,
          1.8940332295615216,
          0.9184797212533168
        ],
        [
          0.9411603302065769,
          0.9412632082547553,
          0.9372349831801474,
          0.9713911963428722,
          0.8997391820897751,
          0.9431772281221706,
          1.1109939737950352,
          0.9405849465029694,
          0.0,
          0.9433558979415189,
          0.9946200972106011,
          0.9413068702287196,
          0.9415433287060189,
          0.9412200815149414,
          0.945416769239443,
          0.9384819775317172,
          0.9412861444858868,
          0.9685560107055404,
          1.788624880941881,
          0.9412827121392503,
          0.941185779904837,
          0.9442259682649417,
          1.0238538697923767,
          0.9408800380040337,
          0.9408165279380047,
          0.9411589155634248,
          0.9261085820230773,
          0.9490589355425354,
          0.9401840468294677,
          0.9596340943303984,
          0.9185422203528095
        ],
        [
          0.94219664140041,
          0.94358544155747,
          0.9390428515211455,
          0.9429530445530153,
          0.9072824931661702,
          0.9995937781239747,
          0.9436450006028867,
          0.9451851401352818,
          0.9433558979415189,
          0.0,
          0.9428214820223978,
          0.9435542267438428,
          0.9608322076466058,
          0.9433958283663519,
          1.0194977576757318,
          0.9403816304225179,
          0.948522334691321,
          0.9422237152952989,
          0.9441771571266618,
          0.94361684413251,
          0.9433613681670542,
          1.3912413915046131,
          0.9431599282075446,
          0.9434042137996449,
          0.9433173454912087,
          0.9434965003495257,
          0.930303661301533,
          0.9405079823309089,
          0.9423732895768565,
          0.9428332171572206,
          0.9204185439908155
        ],
        [
          0.9400947309325672,
          0.9408493245484395,
          0.9386715231927626,
          0.941672295560176,
          4.0799428667746085,
          0.9446221150117845,
          0.9409387962907361,
          0.9405394811338526,
          0.9946200972106011,
          0.9428214820223978,
          0.0,
          0.940879411936549,
          0.9442453369915699,
          0.9409039725057038,
          0.9450556216520457,
          0.93928324471034,
          0.9408786253043977,
          1.0063400150220194,
          1.0999118538567352,
          0.940851751559871,
          0.9408865652153514,
          0.9439820972727432,
          1.3951981239064364,
          0.9407227310715918,
          0.9405516683595356,
          0.940775829725931,
          0.9329441856620104,
          0.9425577183024846,
          0.9401899139858759,
          0.9412151282086354,
          0.9272819544021165
        ],
        [
          0.9400340499037158,
          0.9415043725341438,
          0.937398765164903,
          0.940839159340184,
          0.8931381149672452,
          0.9432305650082248,
          0.9414651494461496,
          0.9407874226209667,
          0.9413068702287196,
          0.9435542267438428,
          0.940879411936549,
          0.0,
          0.940991058338285,
          0.9414233943881342,
          0.9455485876539176,
          0.9381573127444249,
          0.9415277764382105,
          0.9401542304031768,
          1.4079143996041235,
          0.9415224394858367,
          0.9413893975930697,
          0.944385166574777,
          0.9408504223130453,
          0.9410938126953452,
          0.941003704231453,
          0.9414021976573794,
          0.9251095618747,
          0.9378746843055875,
          0.9403182115780747,
          0.9406904744999266,
          0.9188055736052826
        ],
        [
          1.1911312277472257,
          0.9404454327976784,
          0.9397046536210231,
          1.1994420297894854,
          3.122186360531171,
          1.0606115706272243,
          0.9410677243658669,
          0.9449261813570938,
          0.9415433287060189,
          0.9608322076466058,
          0.9442453369915699,
          0.940991058338285,
          0.0,
          0.9410150656471804,
          0.9890375593882976,
          1.8414540951642338,
          0.9411408345975228,
          0.9473879198313907,
          1.9307433398939784,
          0.9404115261603213,
          0.940994707157893,
          0.9819668154938241,
          0.9537555834183008,
          1.373984718318213,
          1.4094915704901163,
          0.9402426489405794,
          2.402621114873395,
          1.1980575768459325,
          0.9407340438905225,
          0.9420759118759127,
          0.9539373017060268
        ],
        [
          0.9401101131006936,
          0.9414713518376204,
          0.9378007337658374,
          0.9408003792768631,
          1.3440781896001048,
          0.943312334246621,
          0.9413871744297712,
          0.9408408029987718,
          0.9412200815149414,
          0.9433958283663519,
          0.9409039725057038,
          0.9414233943881342,
          0.9410150656471804,
          0.0,
          0.9453152987903269,
          0.9381495716236949,
          0.9414941629908294,
          0.9402846145085243,
          0.9400707425159567,
          0.9414857312135997,
          0.9413687090026124,
          0.9442192425816776,
          0.9408470874216586,
          0.941095110918424,
          0.9410203064249415,
          0.9413779945088071,
          0.9264600160277214,
          0.938474725361158,
          0.9404065213159855,
          0.9407281552735295,
          0.9210436000511483
        ],
        [
          0.9444855053681981,
          0.9455359018434533,
          0.9408246110827598,
          0.9452068748310922,
          0.9289699865480489,
          1.0807013474981628,
          0.9457621743903716,
          0.9502843435456729,
          0.945416769239443,
          1.0194977576757318,
          0.9450556216520457,
          0.9455485876539176,
          0.9890375593882976,
          0.9453152987903269,
          0.0,
          0.9434076977594973,
          0.9479662675551538,
          0.9445404679272474,
          0.9506527266549273,
          0.9455776438923523,
          0.9452812376236956,
          1.0993244953239572,
          0.9454361784891492,
          0.9457550471103773,
          0.9456079989687324,
          0.9454588368587339,
          0.9383282513396373,
          0.9441410683343581,
          0.9443621887359489,
          0.9451369969260078,
          0.9228548837475324
        ],
        [
          1.0170672751043792,
          1.4064828482663105,
          0.9355073594935708,
          1.2592051044034027,
          0.9192282299825847,
          0.9430011806707447,
          0.9378983551701489,
          0.93731409655598,
          0.9384819775317172,
          0.9403816304225179,
          0.93928324471034,
          0.9381573127444249,
          1.8414540951642338,
          0.9381495716236949,
          0.9434076977594973,
          0.0,
          0.9377217216911108,
          1.4629890876031146,
          1.518705978590006,
          0.9386523934776303,
          0.9381190567540588,
          0.9419589075862913,
          1.2085009683625498,
          0.9384017328477973,
          0.9374129100779235,
          0.9394323762561348,
          3.114523418820735,
          1.2852812856926648,
          1.4109335120015534,
          0.9378889724020938,
          0.9228468151482592
        ],
        [
          0.9400288712547838,
          0.9415863882786422,
          0.9373633482723107,
          0.9407723303974316,
          0.8916666430560379,
          0.9450650819912304,
          0.9414944204440879,
          0.9409274323394728,
          0.9412861444858868,
          0.948522334691321,
          0.9408786253043977,
          0.9415277764382105,
          0.9411408345975228,
          0.9414941629908294,
          0.9479662675551538,
          0.9377217216911108,
          0.0,
          0.9401772162658298,
          0.9390636330840633,
          0.9416047166647409,
          0.9414594206197062,
          1.422161765288639,
          0.9408777832894758,
          0.9411421752598521,
          0.9410777717933569,
          0.941481734443818,
          0.9243751595403634,
          0.9375265744051672,
          0.9403674305641471,
          0.940613060430298,
          0.9183663322213814
        ],
        [
          0.9397594545075233,
          0.9401607938637947,
          0.9379346472559665,
          0.94473101952875,
          2.9355126937705203,
          0.9439786010141431,
          0.9405648701192715,
          0.9398166626134761,
          0.9685560107055404,
          0.9422237152952989,
          1.0063400150220194,
          0.9401542304031768,
          0.9473879198313907,
          0.9402846145085243,
          0.9445404679272474,
          1.4629890876031146,
          0.9401772162658298,
          0.0,
          1.3839077852965134,
          0.9401530848102261,
          0.940263598277274,
          0.9434199496463801,
          1.4095342777177513,
          0.9400722283048704,
          0.9398350429700534,
          0.9400686758890298,
          2.652077985885586,
          0.9420581427597079,
          0.9394364898524767,
          0.9413833283820555,
          0.925495876483292
        ],
        [
          1.5838667867532594,
          0.9393228029138466,
          0.9383008471597527,
          1.8438441683416433,
          1.38374345583415,
          0.9622258961834751,
          1.2892611283921989,
          0.9397612177085347,
          1.788624880941881,
          0.9441771571266618,
          1.0999118538567352,
          1.4079143996041235,
          1.9307433398939784,
          0.9400707425159567,
          0.9506527266549273,
          1.518705978590006,
          0.9390636330840633,
          1.3839077852965134,
          0.0,
          0.9397642729281889,
          0.9400395399448325,
          0.9485883945249857,
          1.6868092764349636,
          0.9550610290601712,
          0.9392775040865501,
          0.9405068049136608,
          1.6988296210499672,
          1.1311499239612173,
          1.4020194990058872,
          1.2300272611275938,
          0.9247951779940167
        ],
        [
          1.1681440891940404,
          0.9415825328372329,
          0.937369954013081,
          0.9408248341542197,
          0.8912330407686986,
          0.9430983448381082,
          0.941512206281172,
          0.9408359383630348,
          0.9412827121392503,
          0.94361684413251,
          0.940851751559871,
          0.9415224394858367,
          0.9404115261603213,
          0.9414857312135997,
          0.9455776438923523,
          0.9386523934776303,
          0.9416047166647409,
          0.9401530848102261,
          0.9397642729281889,
          0.0,
          0.9414510213024847,
          0.9444116796406181,
          0.9408951495074608,
          0.941127471606534,
          0.9410666789113027,
          0.9426941801576653,
          0.9242285826054056,
          0.9716339771724717,
          1.1887166007500947,
          0.9406270485013245,
          0.9183873343908343
        ],
        [
          0.9400790928443566,
          0.9414369230760703,
          0.9377775118538604,
          0.9407676623847471,
          1.3441186262462996,
          0.9432772484847636,
          0.9413513329748691,
          0.9408067163480952,
          0.941185779904837,
          0.9433613681670542,
          0.9408865652153514,
          0.9413893975930697,
          0.940994707157893,
          0.9413687090026124,
          0.9452812376236956,
          0.9381190567540588,
          0.9414594206197062,
          0.940263598277274,
          0.9400395399448325,
          0.9414510213024847,
          0.0,
          0.9441849072698953,
          0.9408108189465811,
          0.9410614753136034,
          0.9409860562928085,
          0.9413432157049038,
          0.9264459647678203,
          0.9384547909677812,
          0.940373197047006,
          0.9406951070979295,
          0.921021770430996
        ],
        [
          0.9432494832219688,
          0.9443773586356559,
          0.9398695288140995,
          0.943965313139404,
          0.9236316357553341,
          1.058762438608444,
          0.944532297058063,
          0.9482757377960268,
          0.9442259682649417,
          1.3912413915046131,
          0.9439820972727432,
          0.944385166574777,
          0.9819668154938241,
          0.9442192425816776,
          1.0993244953239572,
          0.9419589075862913,
          1.422161765288639,
          0.9434199496463801,
          0.9485883945249857,
          0.9444116796406181,
          0.9441849072698953,
          0.0,
          0.9441524271809002,
          0.9444731679878106,
          0.9443296749285671,
          0.9442913182141162,
          0.9360424147138757,
          0.9428311007824346,
          0.9432103753903069,
          0.9438836520333439,
          0.9216488242941592
        ],
        [
          0.9395404197604795,
          0.9408660158353875,
          0.9367124452696914,
          0.9422688644516962,
          0.8923796690701421,
          0.9431199628577353,
          0.9410956112860804,
          0.9401257585941392,
          1.0238538697923767,
          0.9431599282075446,
          1.3951981239064364,
          0.9408504223130453,
          0.9537555834183008,
          0.9408470874216586,
          0.9454361784891492,
          1.2085009683625498,
          0.9408777832894758,
          1.4095342777177513,
          1.6868092764349636,
          0.9408951495074608,
          0.9408108189465811,
          0.9441524271809002,
          0.0,
          0.9404731158820183,
          0.940335303944556,
          0.940742822511373,
          1.1221788962978627,
          1.4086036376074986,
          0.9397146575610484,
          0.9409062600081112,
          0.9170265622586561
        ],
        [
          0.9398648418626934,
          0.9411156230812692,
          0.9372121891585972,
          0.9404977497640711,
          0.9097500192840086,
          0.943890720132023,
          0.941029311601928,
          0.9404600856675782,
          0.9408800380040337,
          0.9434042137996449,
          0.9407227310715918,
          0.9410938126953452,
          1.373984718318213,
          0.941095110918424,
          0.9457550471103773,
          0.9384017328477973,
          0.9411421752598521,
          0.9400722283048704,
          0.9550610290601712,
          0.941127471606534,
          0.9410614753136034,
          0.9444731679878106,
          0.9404731158820183,
          0.0,
          0.940677077685078,
          0.941007771678579,
          1.3957924913670576,
          0.938082338741107,
          0.9399850470316995,
          0.9402467684183177,
          0.9189339591287069
        ],
        [
          0.939613610441828,
          0.9410528201635049,
          0.9370603555863672,
          0.9403324162299486,
          0.8924980026067645,
          0.9434971632237267,
          1.4114040015259013,
          1.4111686980539258,
          0.9408165279380047,
          0.9433173454912087,
          0.9405516683595356,
          0.941003704231453,
          1.4094915704901163,
          0.9410203064249415,
          0.9456079989687324,
          0.9374129100779235,
          0.9410777717933569,
          0.9398350429700534,
          0.9392775040865501,
          0.9410666789113027,
          0.9409860562928085,
          0.9443296749285671,
          0.940335303944556,
          0.940677077685078,
          0.0,
          0.9409442798054503,
          0.9245976931967199,
          0.9375095885830125,
          0.9398744692259512,
          0.9401604573608778,
          0.9183706525228639
        ],
        [
          0.9447766734788097,
          0.94146129702555,
          0.9372647599043675,
          0.9406469109435729,
          0.8908747487077803,
          0.9429682510455424,
          0.9413627858247317,
          0.9407137098653625,
          0.9411589155634248,
          0.9434965003495257,
          0.940775829725931,
          0.9414021976573794,
          0.9402426489405794,
          0.9413779945088071,
          0.9454588368587339,
          0.9394323762561348,
          0.941481734443818,
          0.9400686758890298,
          0.9405068049136608,
          0.9426941801576653,
          0.9413432157049038,
          0.9442913182141162,
          0.940742822511373,
          0.941007771678579,
          0.9409442798054503,
          0.0,
          0.9240769933096437,
          0.9399095304709001,
          1.4075406066479115,
          0.9404825295810136,
          0.9182447267842505
        ],
        [
          0.977567438647953,
          0.924415926246173,
          0.9288978228315161,
          0.9288719690544923,
          5.583006481747673,
          0.954912946015829,
          0.9242019257286803,
          0.9255343962728109,
          0.9261085820230773,
          0.930303661301533,
          0.9329441856620104,
          0.9251095618747,
          2.402621114873395,
          0.9264600160277214,
          0.9383282513396373,
          3.114523418820735,
          0.9243751595403634,
          2.652077985885586,
          1.6988296210499672,
          0.9242285826054056,
          0.9264459647678203,
          0.9360424147138757,
          1.1221788962978627,
          1.3957924913670576,
          0.9245976931967199,
          0.9240769933096437,
          0.0,
          2.374623936428499,
          0.9251605798606028,
          1.4043549539056148,
          3.2158622819563285
        ],
        [
          1.0561335979106534,
          0.9375054561010114,
          1.4149810218549674,
          0.9418447921072256,
          3.098159096694467,
          0.9484688486116594,
          1.4066102012946884,
          0.9379257885856136,
          0.9490589355425354,
          0.9405079823309089,
          0.9425577183024846,
          0.9378746843055875,
          1.1980575768459325,
          0.938474725361158,
          0.9441410683343581,
          1.2852812856926648,
          0.9375265744051672,
          0.9420581427597079,
          1.1311499239612173,
          0.9716339771724717,
          0.9384547909677812,
          0.9428311007824346,
          1.4086036376074986,
          0.938082338741107,
          0.9375095885830125,
          0.9399095304709001,
          2.374623936428499,
          0.0,
          1.305327920227493,
          1.1709168079957055,
          1.8711755502610288
        ],
        [
          1.3580515574269336,
          0.9403581232122517,
          0.9367376727099244,
          0.9400673776467822,
          0.8942152097368049,
          0.9421277636357133,
          0.940306682114459,
          0.9396740375712824,
          0.9401840468294677,
          0.9423732895768565,
          0.9401899139858759,
          0.9403182115780747,
          0.9407340438905225,
          0.9404065213159855,
          0.9443621887359489,
          1.4109335120015534,
          0.9403674305641471,
          0.9394364898524767,
          1.4020194990058872,
          1.1887166007500947,
          0.940373197047006,
          0.9432103753903069,
          0.9397146575610484,
          0.9399850470316995,
          0.9398744692259512,
          1.4075406066479115,
          0.9251605798606028,
          1.305327920227493,
          0.0,
          0.9397862983127346,
          0.9186328893231095
        ],
        [
          0.9396644278706737,
          0.940590211788185,
          0.9372582262143265,
          0.9459752062488008,
          1.0425322450139176,
          0.9692881380063098,
          0.9412104486338572,
          1.8940332295615216,
          0.9596340943303984,
          0.9428332171572206,
          0.9412151282086354,
          0.9406904744999266,
          0.9420759118759127,
          0.9407281552735295,
          0.9451369969260078,
          0.9378889724020938,
          0.940613060430298,
          0.9413833283820555,
          1.2300272611275938,
          0.9406270485013245,
          0.9406951070979295,
          0.9438836520333439,
          0.9409062600081112,
          0.9402467684183177,
          0.9401604573608778,
          0.9404825295810136,
          1.4043549539056148,
          1.1709168079957055,
          0.9397862983127346,
          0.0,
          0.919767342047286
        ],
        [
          0.91978689850691,
          0.9185357083167639,
          7.941850630019132,
          0.9192791719521247,
          3.268435736267879,
          0.9220371746066249,
          0.9175913413813949,
          0.9184797212533168,
          0.9185422203528095,
          0.9204185439908155,
          0.9272819544021165,
          0.9188055736052826,
          0.9539373017060268,
          0.9210436000511483,
          0.9228548837475324,
          0.9228468151482592,
          0.9183663322213814,
          0.925495876483292,
          0.9247951779940167,
          0.9183873343908343,
          0.921021770430996,
          0.9216488242941592,
          0.9170265622586561,
          0.9189339591287069,
          0.9183706525228639,
          0.9182447267842505,
          3.2158622819563285,
          1.8711755502610288,
          0.9186328893231095,
          0.919767342047286,
          0.0
        ]
      ]
    }
  },
  "nodes": {
    "003/XM/2010": {
      "country": "China",
      "country_confidence": {
        "China": 1.0
      },
      "country_entropy": -1.000088900581841e-12
    },
    "01011Y": {
      "country": "China",
      "country_confidence": {
        "China": 1.0
      },
      "country_entropy": -1.000088900581841e-12
    },
    "02363_Thai_02": {
      "country": "Thailand",
      "country_confidence": {
        "Thailand": 0.9999999999999999
      },
      "country_entropy": -9.99866855976916e-13
    },
    "02_0_023": {
      "country": "Viet Nam",
      "country_confidence": {
        "Viet Nam": 0.9999999999999999
      },
      "country_entropy": -9.99866855976916e-13
    },
    "02_0_024": {
      "country": "Viet Nam",
      "country_confidence": {
        "Viet Nam": 0.9999999999999999
      },
      "country_entropy": -9.99866855976916e-13
    },
    "02_0_035": {
      "country": "Viet Nam",
      "country_confidence": {
        "Viet Nam": 1.0
      },
      "country_entropy": -1.000088900581841e-12
    },
    "02_0_049": {
      "country": "Viet Nam",
      "country_confidence": {
        "Viet Nam": 1.0
      },
      "country_entropy": -1.000088900581841e-12
    },
    "02_0_060": {
      "country": "Viet Nam",
      "country_confidence": {
        "Viet Nam": 1.0
      },
      "country_entropy": -1.000088900581841e-12
    },
    "02_0_065": {
      "country": "Viet Nam",
      "country_confidence": {
        "Viet Nam": 1.0
      },
      "country_entropy": -1.000088900581841e-12
    },
    "02_0_068": {
      "country": "Viet Nam",
      "country_confidence": {
        "Viet Nam": 1.0
      },
      "country_entropy": -1.000088900581841e-12
    },
    "02_0_070": {
      "country": "Viet Nam",
      "country_confidence": {
        "Viet Nam": 1.0
      },
      "country_entropy": -1.000088900581841e-12
    },
    "02_0_071": {
      "country": "Viet Nam",
      "country_confidence": {
        "Viet Nam": 1.0
      },
      "country_entropy": -1.000088900581841e-12
    },
    "02_0_072": {
      "country": "Viet Nam",
      "country_confidence": {
        "Viet Nam": 1.0
      },
      "country_entropy": -1.000088900581841e-12
    },
    "02_0_079": {
      "country": "Viet Nam",
      "country_confidence": {
        "Viet Nam": 1.0
      },
      "country_entropy": -1.000088900581841e-12
    },
    "02_0_083": {
      "country": "Viet Nam",
      "country_confidence": {
        "Viet Nam": 1.0
      },
      "country_entropy": -1.000088900581841e-12
    },
    "02_0_090": {
      "country": "Viet Nam",
      "country_confidence": {
        "Viet Nam": 1.0
      },
      "country_entropy": -1.000088900581841e-12
    },
    "02_1_005": {
      "country": "Viet Nam",
      "country_confidence": {
        "Viet Nam": 0.9999999999999999
      },
      "country_entropy": -9.99866855976916e-13
    },
    "02_1_008": {
      "country": "Viet Nam",
      "country_confidence": {
        "Viet Nam": 1.0
      },
      "country_entropy": -1.000088900581841e-12
    },
    "02_1_042": {
      "country": "Viet Nam",
      "country_confidence": {
        "Viet Nam": 1.0
      },
      "country_entropy": -1.000088900581841e-12
    },
    "02_1_043": {
      "country": "Viet Nam",
      "country_confidence": {
        "Viet Nam": 1.0
      },
      "country_entropy": -1.000088900581841e-12
    },
    "02_1_055": {
      "country": "Viet Nam",
      "country_confidence": {
        "Viet Nam": 1.0
      },
      "country_entropy": -1.000088900581841e-12
    },
    "02_1_065": {
      "country": "Viet Nam",
      "country_confidence": {
        "Viet Nam": 1.0
      },
      "country_entropy": -1.000088900581841e-12
    },
    "02_1_067": {
      "country": "Viet Nam",
      "country_confidence": {
        "Viet Nam": 1.0
      },
      "country_entropy": -1.000088900581841e-12
    },
    "03_0_002": {
      "country": "Viet Nam",
      "country_confidence": {
        "Viet Nam": 1.0
      },
      "country_entropy": -1.000088900581841e-12
    },
    "03_0_003": {
      "country": "Viet Nam",
      "country_confidence": {
        "Viet Nam": 1.0
      },
      "country_entropy": -1.000088900581841e-12
    },
    "03_KOR_00": {
      "country": "South Korea",
      "country_confidence": {
        "South Korea": 1.0
      },
      "country_entropy": -1.000088900581841e-12
    },
    "06_KOR_00": {
      "country": "South Korea",
      "country_confidence": {
        "South Korea": 1.0
      },
      "country_entropy": -1.000088900581841e-12
    },
    "0964/SYD/98": {
      "country": "Australia",
      "country_confidence": {
        "Australia": 0.9999999999999999
      },
      "country_entropy": -9.99866855976916e-13
    },
    "1/SHENZHEN/08/China/HFMD/2008": {
      "country": "China",
      "country_confidence": {
        "China": 1.0
      },
      "country_entropy": -1.000088900581841e-12
    },
    "100_p0": {
      "country": "China",
      "country_confidence": {
        "China": 1.0
      },
      "country_entropy": -1.000088900581841e-12
    },
    "100_p12": {
      "country": "China",
      "country_confidence": {
        "China": 1.0
      },
      "country_entropy": -1.000088900581841e-12
    },
    "100_p17_T1": {
      "country": "China",
      "country_confidence": {
        "China": 1.0
      },
      "country_entropy": -1.000088900581841e-12
    },
    "100_p17_T2": {
      "country": "China",
      "country_confidence": {
        "China": 0.9999999999999999
      },
      "country_entropy": -9.99866855976916e-13
    },
    "100_p17_T3": {
      "country": "China",
      "country_confidence": {
        "China": 1.0
      },
      "country_entropy": -1.000088900581841e-12
    },
    "100_p31_T1": {
      "country": "China",
      "country_confidence": {
        "China": 1.0
      },
      "country_entropy": -1.000088900581841e-12
    },
    "100_p31_T2": {
      "country": "China",
      "country_confidence": {
        "China": 1.0
      },
      "country_entropy": -1.000088900581841e-12
    },
    "100_p31_T3": {
      "country": "China",
      "country_confidence": {
        "China": 1.0
      },
      "country_entropy": -1.000088900581841e-12
    },
    "100_p35_T1": {
      "country": "China",
      "country_confidence": {
        "China": 1.0
      },
      "country_entropy": -1.000088900581841e-12
    },
    "100_p35_T2": {
      "country": "China",
      "country_confidence": {
        "China": 1.0
      },
      "country_entropy": -1.000088900581841e-12
    },
    "100_p35_T3": {
      "country": "China",
      "country_confidence": {
        "China": 1.0
      },
      "country_entropy": -1.000088900581841e-12
    },
    "100_p36_T1": {
      "country": "China",
      "country_confidence": {
        "China": 1.0
      },
      "country_entropy": -1.000088900581841e-12
    },
    "100_p36_T2": {
      "country": "China",
      "country_confidence": {
        "China": 0.9999999999999999
      },
      "country_entropy": -9.99866855976916e-13
    },
    "100_p36_T3": {
      "country": "China",
      "country_confidence": {
        "China": 1.0
      },
      "country_entropy": -1.000088900581841e-12
    },
    "10118": {
      "country": "Netherlands",
      "country_confidence": {
        "Netherlands": 1.0
      },
      "country_entropy": -1.000088900581841e-12
    },
    "10196": {
      "country": "Netherlands",
      "country_confidence": {
        "Netherlands": 1.0
      },
      "country_entropy": -1.000088900581841e-12
    },
    "101_p0": {
      "country": "China",
      "country_confidence": {
        "China": 1.0
      },
      "country_entropy": -1.000088900581841e-12
    },
    "101_p12": {
      "country": "China",
      "country_confidence": {
        "China": 1.0
      },
      "country_entropy": -1.000088900581841e-12
    },
    "101_p17_T1": {
      "country": "China",
      "country_confidence": {
        "China": 1.0
      },
      "country_entropy": -1.000088900581841e-12
    },
    "101_p17_T2": {
      "country": "China",
      "country_confidence": {
        "China": 1.0
      },
      "country_entropy": -1.000088900581841e-12
    },
    "101_p17_T3": {
      "country": "China",
      "country_confidence": {
        "China": 1.0
      },
      "country_entropy": -1.000088900581841e-12
    },
    "101_p31_T1": {
      "country": "China",
      "country_confidence": {
        "China": 1.0
      },
      "country_entropy": -1.000088900581841e-12
    },
    "101_p31_T2": {
      "country": "China",
      "country_confidence": {
        "China": 1.0
      },
      "country_entropy": -1.000088900581841e-12
    },
    "101_p31_T3": {
      "country": "China",
      "country_confidence": {
        "China": 1.0
      },
      "country_entropy": -1.000088900581841e-12
    },
    "101_p35_T1": {
      "country": "China",
      "country_confidence": {
        "China": 1.0
      },
      "country_entropy": -1.000088900581841e-12
    },
    "101_p35_T2": {
      "country": "China",
      "country_confidence": {
        "China": 1.0
      },
      "country_entropy": -1.000088900581841e-12
    },
    "101_p35_T3": {
      "country": "China",
      "country_confidence": {
        "China": 1.0
      },
      "country_entropy": -1.000088900581841e-12
    },
    "101_p36_T1": {
      "country": "China",
      "country_confidence": {
        "China": 1.0
      },
