Map from character to field name
A:	Australia
B:	Austria
C:	Azerbaijan
D:	Brunei
E:	Cambodia
F:	Cameroon
G:	Central African Republic
H:	China
I:	Croatia
J:	Finland
K:	France
L:	Georgia
M:	Germany
N:	Guinea
O:	Hong Kong
P:	Hungary
Q:	Iceland
R:	India
S:	Indonesia
T:	Italy
U:	Japan
V:	Kazakhstan
W:	Latvia
X:	Madagascar
Y:	Malaysia
Z:	Mauritania
[:	Na
\:	Netherlands
]:	Niger
^:	Norway
_:	Pakistan
`:	Peru
a:	Philippines
b:	Poland
c:	Russia
d:	Senegal
e:	Singapore
f:	South Korea
g:	Spain
h:	Taiwan
i:	Thailand
j:	Tunisia
k:	United Kingdom
l:	Usa
m:	Viet Nam
n:	?


Substitution rate (mu): 11.308464

Equilibrium frequencies (pi_i):
  A: 0.0219
  B: 0.0262
  C: 0.026
  D: 0.0262
  E: 0.0246
  F: 0.0263
  G: 0.0261
  H: 0.0171
  I: 0.026
  J: 0.024
  K: 0.0136
  L: 0.0264
  M: 0.0173
  N: 0.0256
  O: 0.0122
  P: 0.0265
  Q: 0.026
  R: 0.0257
  S: 0.0251
  T: 0.0265
  U: 0.013
  V: 0.0233
  W: 0.026
  X: 0.0254
  Y: 0.012
  Z: 0.026
  [: 0.0145
  \: 0.009
  ]: 0.0264
  ^: 0.0262
  _: 0.0261
  `: 0.0261
  a: 0.0235
  b: 0.0237
  c: 0.0154
  d: 0.0263
  e: 0.0247
  f: 0.0211
  g: 0.0261
  h: 0.007
  i: 0.02
  j: 0.0247
  k: 0.0268
  l: 0.0233
  m: 0.0142

Symmetrized rates from j->i (W_ij):
	A	B	C	D	E	F	G	H	I	J	K	L	M	N	O	P	Q	R	S	T	U	V	W	X	Y	Z	[	\	]	^	_	`	a	b	c	d	e	f	g	h	i	j	k	l	m
  A	0	0.9457	0.9459	0.9452	0.9457	0.9483	0.9493	0.8557	0.9457	0.945	0.9382	0.9458	0.9325	0.9463	0.9453	0.9456	0.9457	0.9388	0.9455	0.9457	0.9338	0.9458	0.9458	0.9446	0.9358	0.9462	2.3456	1.7671	0.9477	0.9459	0.9465	0.9453	0.9442	0.9454	0.9424	0.9461	0.944	0.9454	0.9457	0.9252	0.9369	0.9457	0.9456	0.9458	0.9178
  B	0.9457	0	0.9462	0.9452	0.9459	0.9481	0.9488	0.8401	0.9459	0.9451	1.4102	0.946	1.8219	0.9463	0.9452	0.9458	0.9458	0.9361	0.9456	0.9458	1.033	0.9459	0.946	0.9443	0.9338	0.9462	0.9053	0.9085	0.9477	0.946	0.9462	0.9454	0.944	0.9456	0.9417	0.9462	0.9438	0.9455	0.9458	0.9208	0.9352	0.9459	0.9457	0.946	0.9124
  C	0.9459	0.9462	0	0.9454	0.946	0.9484	0.9492	0.8408	0.9461	0.9453	0.9373	0.9462	1.2753	0.9464	0.9452	0.9459	0.9459	1.1153	0.9458	0.946	0.9302	0.9461	0.9461	0.9445	0.9339	0.9464	0.9057	0.9088	0.9479	0.9462	0.9466	0.9455	0.9441	0.9458	0.9419	0.9463	0.9439	0.9455	0.946	0.9211	0.9354	0.9461	0.9459	0.9461	0.9128
  D	0.9452	0.9452	0.9454	0	0.9453	0.9475	0.9482	0.8392	0.9453	0.9444	0.9363	0.9454	0.9294	0.9456	0.9449	0.945	0.9452	0.9353	0.9458	0.9452	0.9296	0.9454	0.9453	0.9437	6.4918	0.9456	0.9674	0.9076	0.9471	0.9454	0.9456	0.9447	0.9433	0.9449	0.9413	0.9455	1.4076	0.9449	0.9451	0.9215	0.935	0.9452	0.9451	0.9454	0.9121
  E	0.9457	0.9459	0.946	0.9453	0	0.9479	0.9486	0.8456	0.9459	0.945	0.9374	0.946	0.9308	0.9462	0.9452	0.9457	0.9458	0.9365	0.9457	0.9458	0.9311	0.9459	0.946	0.9444	0.9345	0.9462	0.9075	0.9103	0.9475	0.946	0.9461	0.9456	0.944	0.9455	0.9419	0.9461	0.9438	0.9454	0.9458	0.9224	0.9358	0.9458	0.9457	0.946	2.287
  F	0.9483	0.9481	0.9484	0.9475	0.9479	0	1.1707	0.843	0.9481	0.9479	0.9414	0.9482	0.9346	0.9486	0.9464	0.9479	0.948	0.9891	0.9478	0.9481	0.9322	0.9479	0.9483	0.9466	0.9355	0.9485	0.9157	0.9565	1.3094	0.9482	0.9537	0.9475	0.946	0.9475	0.9439	0.9484	0.946	0.9472	0.9481	0.9223	0.937	0.9479	0.948	0.948	0.9135
  G	0.9493	0.9488	0.9492	0.9482	0.9486	1.1707	0	0.846	0.9488	0.949	0.9441	0.9489	0.9374	0.9494	0.9468	0.9487	0.9487	1.0298	0.9484	0.9488	0.9335	0.9485	0.949	0.9474	0.9363	0.9493	0.9236	0.9983	1.0966	0.9489	0.9589	0.9482	0.9468	0.9482	0.9449	0.9492	0.9469	0.9478	0.949	0.9234	0.9377	0.9486	0.9487	0.9486	0.9142
  H	0.8557	0.8401	0.8408	0.8392	0.8456	0.843	0.846	0	0.8405	0.8478	1.5825	0.8391	2.6189	0.842	6.3962	0.8393	0.8402	0.8487	0.8445	0.8387	5.0807	1.2754	0.8406	0.8435	2.1388	0.8405	2.9488	1.5791	0.8415	0.8399	0.8422	0.8403	1.0943	1.2729	3.9419	0.8395	0.8446	1.7237	0.8405	6.58	2.0957	1.0419	0.8375	1.2753	4.227
  I	0.9457	0.9459	0.9461	0.9453	0.9459	0.9481	0.9488	0.8405	0	0.945	0.9368	0.946	1.3952	0.9463	0.9452	0.9457	0.9458	0.9361	0.9457	0.9459	0.9301	0.9459	0.946	0.9443	0.9338	0.9462	0.9054	0.9082	0.9477	0.946	0.9462	0.9454	0.9439	0.9455	0.9417	0.9462	0.9438	0.9454	0.9458	0.921	0.9352	0.9458	0.9457	0.946	0.9127
  J	0.945	0.9451	0.9453	0.9444	0.945	0.9479	0.949	0.8478	0.945	0	1.6619	1.3749	1.6962	0.9457	0.9449	0.9448	1.4173	0.9381	0.9448	0.9449	0.9451	0.9451	0.9451	0.9438	0.9344	0.9456	0.9085	2.2513	0.9472	0.9451	0.9459	0.9447	0.9434	0.9448	0.9483	0.9454	0.9432	0.9447	0.9484	0.9227	0.9354	0.9451	1.4165	0.9452	1.3725
  K	0.9382	1.4102	0.9373	0.9363	0.9374	0.9414	0.9441	1.5825	0.9368	1.6619	0	0.9369	6.5085	0.9386	1.041	1.6395	1.3447	0.9621	0.937	1.8731	3.038	0.9377	1.3142	0.9376	1.3827	0.9381	1.5491	10.658	0.94	0.9371	0.9398	1.3599	0.9382	0.9378	1.9561	0.9376	1.1631	0.9383	1.4055	0.9319	2.8726	1.8771	1.4075	0.9378	1.3278
  L	0.9458	0.946	0.9462	0.9454	0.946	0.9482	0.9489	0.8391	0.946	1.3749	0.9369	0	1.0352	0.9464	0.9452	0.9458	0.9459	0.9359	0.9458	0.946	0.9299	0.946	0.9461	0.9444	0.9337	0.9463	0.9048	0.9077	0.9478	0.9461	0.9463	0.9455	0.944	0.9456	0.9417	0.9463	0.9438	0.9455	0.9459	0.9206	0.9352	0.9459	0.9459	0.9461	0.9122
  M	0.9325	1.8219	1.2753	0.9294	0.9308	0.9346	0.9374	2.6189	1.3952	1.6962	6.5085	1.0352	0	0.9312	0.9387	1.6755	0.9299	1.6527	0.9303	0.9297	2.1148	0.9316	0.9305	0.9305	1.0134	0.9308	1.4645	5.9888	0.9331	0.93	0.9337	0.9302	0.9311	2.8005	1.7017	0.9304	0.9325	0.9327	1.2357	0.9266	1.1988	2.3489	0.9305	0.9316	0.9169
  N	0.9463	0.9463	0.9464	0.9456	0.9462	0.9486	0.9494	0.842	0.9463	0.9457	0.9386	0.9464	0.9312	0	0.9454	0.946	0.9462	0.9369	0.946	0.9462	0.9308	0.9462	0.9464	0.9448	0.9342	1.2184	0.908	1.2081	0.9482	0.9464	0.9467	0.9457	0.9444	0.9458	0.9423	1.0873	0.9442	0.9457	0.9462	0.9215	0.9357	0.9461	0.9461	0.9463	0.9133
  O	0.9453	0.9452	0.9452	0.9449	0.9452	0.9464	0.9468	6.3962	0.9452	0.9449	1.041	0.9452	0.9387	0.9454	0	0.9451	0.9451	0.9411	0.9451	0.9451	1.3613	0.9453	0.9452	0.9445	0.9402	0.9453	0.9321	1.0743	0.9461	0.9452	0.9455	0.9449	0.9446	0.945	0.9438	0.9453	1.4144	0.9454	0.9451	0.9503	0.9406	0.9455	0.9451	0.9453	0.93
  P	0.9456	0.9458	0.9459	0.945	0.9457	0.9479	0.9487	0.8393	0.9457	0.9448	1.6395	0.9458	1.6755	0.946	0.9451	0	0.9456	0.9358	0.9454	0.9456	1.3703	0.9457	0.9458	0.9441	0.9335	0.946	0.9046	0.9079	0.9475	0.9458	0.946	0.9452	0.9438	0.9453	0.9415	0.9459	0.9435	0.9738	0.9456	0.9205	0.9349	0.9457	0.9455	0.9458	0.9121
  Q	0.9457	0.9458	0.9459	0.9452	0.9458	0.948	0.9487	0.8402	0.9458	1.4173	1.3447	0.9459	0.9299	0.9462	0.9451	0.9456	0	0.9359	0.9456	0.9457	0.93	0.9458	0.9459	0.9442	0.9338	0.9461	0.9053	0.9666	0.9476	0.9459	0.9461	0.9453	0.9438	0.9454	0.9416	0.9461	0.9437	0.9453	0.9457	0.9209	0.9351	0.9457	0.9456	0.9459	0.9126
  R	0.9388	0.9361	1.1153	0.9353	0.9365	0.9891	1.0298	0.8487	0.9361	0.9381	0.9621	0.9359	1.6527	0.9369	0.9411	0.9358	0.9359	0	0.936	0.9357	0.9289	0.937	0.9363	0.9359	0.9312	0.9365	1.3899	1.3148	0.9694	0.936	1.3126	0.9354	0.9355	0.9369	0.9383	0.9362	0.9348	0.9374	0.9363	0.9218	0.9285	0.9367	0.9355	0.9371	0.9083
  S	0.9455	0.9456	0.9458	0.9458	0.9457	0.9478	0.9484	0.8445	0.9457	0.9448	0.937	0.9458	0.9303	0.946	0.9451	0.9454	0.9456	0.936	0	0.9456	0.931	0.9457	0.9457	0.9441	1.0877	0.9459	0.9387	0.9094	0.9474	0.9458	0.9459	0.9452	0.9438	0.9453	0.9417	0.9459	0.9447	0.9452	0.9455	1.6873	0.9367	0.9455	0.9455	0.9458	1.3691
  T	0.9457	0.9458	0.946	0.9452	0.9458	0.9481	0.9488	0.8387	0.9459	0.9449	1.8731	0.946	0.9297	0.9462	0.9451	0.9456	0.9457	0.9357	0.9456	0	0.9297	0.9459	0.946	0.9443	0.9336	0.9462	0.9046	0.9075	0.9477	0.946	0.9462	0.9454	0.9438	0.9454	0.9416	0.9461	0.9437	0.9454	0.9457	0.9205	0.935	0.9458	0.9457	0.946	0.9121
  U	0.9338	1.033	0.9302	0.9296	0.9311	0.9322	0.9335	5.0807	0.9301	0.9451	3.038	0.9299	2.1148	0.9308	1.3613	1.3703	0.93	0.9289	0.931	0.9297	0	0.9317	0.9302	0.9304	4.0242	0.9305	4.9876	4.264	0.9316	0.9302	0.9311	0.93	2.1173	0.9318	0.9383	0.9302	1.0601	2.339	1.4001	1.7222	0.9299	0.9316	0.9296	0.9317	1.4763
  V	0.9458	0.9459	0.9461	0.9454	0.9459	0.9479	0.9485	1.2754	0.9459	0.9451	0.9377	0.946	0.9316	0.9462	0.9453	0.9457	0.9458	0.937	0.9457	0.9459	0.9317	0	0.946	0.9445	0.9351	0.9462	0.9094	0.9119	0.9475	0.946	0.9462	0.9455	0.9442	0.9456	0.9422	0.9462	0.944	0.9455	0.9458	0.9235	0.9364	0.9459	0.9458	0.946	0.916
  W	0.9458	0.946	0.9461	0.9453	0.946	0.9483	0.949	0.8406	0.946	0.9451	1.3142	0.9461	0.9305	0.9464	0.9452	0.9458	0.9459	0.9363	0.9457	0.946	0.9302	0.946	0	0.9444	0.9339	0.9463	0.9058	1.0052	0.9478	0.9461	0.9464	0.9455	0.944	0.9455	0.9418	0.9463	0.9439	0.9455	0.9459	0.921	0.9353	0.9459	0.9458	0.9461	0.9128
  X	0.9446	0.9443	0.9445	0.9437	0.9444	0.9466	0.9474	0.8435	0.9443	0.9438	0.9376	0.9444	0.9305	0.9448	0.9445	0.9441	0.9442	0.9359	0.9441	0.9443	0.9304	0.9445	0.9444	0	0.9338	0.9447	0.9408	1.3158	0.9461	0.9444	0.9447	0.9438	0.9426	0.9441	0.9412	0.9446	0.9424	0.9442	0.9443	0.9223	0.9344	0.9443	0.9441	0.9446	0.9127
  Y	0.9358	0.9338	0.9339	6.4918	0.9345	0.9355	0.9363	2.1388	0.9338	0.9344	1.3827	0.9337	1.0134	0.9342	0.9402	0.9335	0.9338	0.9312	1.0877	0.9336	4.0242	0.9351	0.9339	0.9338	0	0.934	18.3056	0.9316	0.935	0.9348	0.9345	0.9337	0.9345	0.9347	0.937	0.9338	5.2821	0.9359	0.935	2.5713	4.1399	0.9345	0.9334	0.9351	2.0884
  Z	0.9462	0.9462	0.9464	0.9456	0.9462	0.9485	0.9493	0.8405	0.9462	0.9456	0.9381	0.9463	0.9308	1.2184	0.9453	0.946	0.9461	0.9365	0.9459	0.9462	0.9305	0.9462	0.9463	0.9447	0.934	0	0.907	1.0778	0.9481	0.9463	0.9466	0.9457	0.9443	0.9458	0.9421	1.3659	0.9441	0.9457	0.9461	0.9211	0.9355	0.9461	0.946	0.9463	0.9128
  [	2.3456	0.9053	0.9057	0.9674	0.9075	0.9157	0.9236	2.9488	0.9054	0.9085	1.5491	0.9048	1.4645	0.908	0.9321	0.9046	0.9053	1.3899	0.9387	0.9046	4.9876	0.9094	0.9058	0.9408	18.3056	0.907	0	17.594	0.9119	0.9592	0.9144	0.9052	0.9152	0.9086	1.2717	0.9061	1.8968	0.9126	0.9874	26.9002	1.4423	0.9076	0.9041	0.9095	1.1342
  \	1.7671	0.9085	0.9088	0.9076	0.9103	0.9565	0.9983	1.5791	0.9082	2.2513	10.658	0.9077	5.9888	1.2081	1.0743	0.9079	0.9666	1.3148	0.9094	0.9075	4.264	0.9119	1.0052	1.3158	0.9316	1.0778	17.594	0	0.9369	0.9083	0.9442	0.9112	1.1598	0.9117	3.026	0.9898	1.0528	0.9152	1.0932	1.5204	1.05	0.911	0.9072	0.9119	1.2804
  ]	0.9477	0.9477	0.9479	0.9471	0.9475	1.3094	1.0966	0.8415	0.9477	0.9472	0.94	0.9478	0.9331	0.9482	0.9461	0.9475	0.9476	0.9694	0.9474	0.9477	0.9316	0.9475	0.9478	0.9461	0.935	0.9481	0.9119	0.9369	0	0.9478	0.9512	0.9471	0.9456	0.9471	0.9434	0.948	0.9456	0.9469	0.9477	0.9218	0.9366	0.9475	0.9476	0.9476	0.9131
  ^	0.9459	0.946	0.9462	0.9454	0.946	0.9482	0.9489	0.8399	0.946	0.9451	0.9371	0.9461	0.93	0.9464	0.9452	0.9458	0.9459	0.936	0.9458	0.946	0.9302	0.946	0.9461	0.9444	0.9348	0.9463	0.9592	0.9083	0.9478	0	0.9463	0.9455	0.944	0.9456	0.9418	0.9463	0.944	0.9455	1.2291	0.9212	1.1699	0.9459	0.9458	0.9461	0.9126
  _	0.9465	0.9462	0.9466	0.9456	0.9461	0.9537	0.9589	0.8422	0.9462	0.9459	0.9398	0.9463	0.9337	0.9467	0.9455	0.946	0.9461	1.3126	0.9459	0.9462	0.9311	0.9462	0.9464	0.9447	0.9345	0.9466	0.9144	0.9442	0.9512	0.9463	0	0.9457	0.9443	0.9458	0.9426	0.9465	0.9442	0.9457	0.9462	0.9217	0.9356	0.9461	0.946	0.9463	0.9128
  `	0.9453	0.9454	0.9455	0.9447	0.9456	0.9475	0.9482	0.8403	0.9454	0.9447	1.3599	0.9455	0.9302	0.9457	0.9449	0.9452	0.9453	0.9354	0.9452	0.9454	0.93	0.9455	0.9455	0.9438	0.9337	0.9457	0.9052	0.9112	0.9471	0.9455	0.9457	0	0.9434	0.945	0.9415	0.9456	0.9434	0.945	0.9453	0.9209	0.9357	0.9454	0.9453	0.9455	0.9966
  a	0.9442	0.944	0.9441	0.9433	0.944	0.946	0.9468	1.0943	0.9439	0.9434	0.9382	0.944	0.9311	0.9444	0.9446	0.9438	0.9438	0.9355	0.9438	0.9438	2.1173	0.9442	0.944	0.9426	0.9345	0.9443	0.9152	1.1598	0.9456	0.944	0.9443	0.9434	0	0.9438	0.9412	0.9442	0.9422	0.9441	0.9439	0.9231	0.9349	0.944	0.9437	0.9442	0.9152
  b	0.9454	0.9456	0.9458	0.9449	0.9455	0.9475	0.9482	1.2729	0.9455	0.9448	0.9378	0.9456	2.8005	0.9458	0.945	0.9453	0.9454	0.9369	0.9453	0.9454	0.9318	0.9456	0.9455	0.9441	0.9347	0.9458	0.9086	0.9117	0.9471	0.9456	0.9458	0.945	0.9438	0	0.9418	0.9457	0.9435	0.9451	0.9454	0.9231	0.9359	0.9455	0.9453	0.9456	0.9153
  c	0.9424	0.9417	0.9419	0.9413	0.9419	0.9439	0.9449	3.9419	0.9417	0.9483	1.9561	0.9417	1.7017	0.9423	0.9438	0.9415	0.9416	0.9383	0.9417	0.9416	0.9383	0.9422	0.9418	0.9412	0.937	0.9421	1.2717	3.026	0.9434	0.9418	0.9426	0.9415	0.9412	0.9418	0	0.942	0.9408	0.9422	0.9452	0.9303	0.9366	0.9771	0.9417	0.9422	0.9242
  d	0.9461	0.9462	0.9463	0.9455	0.9461	0.9484	0.9492	0.8395	0.9462	0.9454	0.9376	0.9463	0.9304	1.0873	0.9453	0.9459	0.9461	0.9362	0.9459	0.9461	0.9302	0.9462	0.9463	0.9446	0.9338	1.3659	0.9061	0.9898	0.948	0.9463	0.9465	0.9456	0.9442	0.9457	0.942	0	0.944	0.9456	0.9461	0.9208	0.9353	0.946	0.946	0.9462	0.9124
  e	0.944	0.9438	0.9439	1.4076	0.9438	0.946	0.9469	0.8446	0.9438	0.9432	1.1631	0.9438	0.9325	0.9442	1.4144	0.9435	0.9437	0.9348	0.9447	0.9437	1.0601	0.944	0.9439	0.9424	5.2821	0.9441	1.8968	1.0528	0.9456	0.944	0.9442	0.9434	0.9422	0.9435	0.9408	0.944	0	0.9437	0.9439	1.8355	1.8059	0.9438	0.9435	0.9441	1.3706
  f	0.9454	0.9455	0.9455	0.9449	0.9454	0.9472	0.9478	1.7237	0.9454	0.9447	0.9383	0.9455	0.9327	0.9457	0.9454	0.9738	0.9453	0.9374	0.9452	0.9454	2.339	0.9455	0.9455	0.9442	0.9359	0.9457	0.9126	0.9152	0.9469	0.9455	0.9457	0.945	0.9441	0.9451	0.9422	0.9456	0.9437	0	0.9453	0.9255	0.9369	0.9454	0.9453	0.9455	0.9187
  g	0.9457	0.9458	0.946	0.9451	0.9458	0.9481	0.949	0.8405	0.9458	0.9484	1.4055	0.9459	1.2357	0.9462	0.9451	0.9456	0.9457	0.9363	0.9455	0.9457	1.4001	0.9458	0.9459	0.9443	0.935	0.9461	0.9874	1.0932	0.9477	1.2291	0.9462	0.9453	0.9439	0.9454	0.9452	0.9461	0.9439	0.9453	0	0.9213	1.2575	0.9457	0.9456	0.9459	0.9129
  h	0.9252	0.9208	0.9211	0.9215	0.9224	0.9223	0.9234	6.58	0.921	0.9227	0.9319	0.9206	0.9266	0.9215	0.9503	0.9205	0.9209	0.9218	1.6873	0.9205	1.7222	0.9235	0.921	0.9223	2.5713	0.9211	26.9002	1.5204	0.9218	0.9212	0.9217	0.9209	0.9231	0.9231	0.9303	0.9208	1.8355	0.9255	0.9213	0	1.4423	0.9223	0.9202	0.9235	4.0529
  i	0.9369	0.9352	0.9354	0.935	0.9358	0.937	0.9377	2.0957	0.9352	0.9354	2.8726	0.9352	1.1988	0.9357	0.9406	0.9349	0.9351	0.9285	0.9367	0.935	0.9299	0.9364	0.9353	0.9344	4.1399	0.9355	1.4423	1.05	0.9366	1.1699	0.9356	0.9357	0.9349	0.9359	0.9366	0.9353	1.8059	0.9369	1.2575	1.4423	0	0.9361	0.9348	0.9364	3.2061
  j	0.9457	0.9459	0.9461	0.9452	0.9458	0.9479	0.9486	1.0419	0.9458	0.9451	1.8771	0.9459	2.3489	0.9461	0.9455	0.9457	0.9457	0.9367	0.9455	0.9458	0.9316	0.9459	0.9459	0.9443	0.9345	0.9461	0.9076	0.911	0.9475	0.9459	0.9461	0.9454	0.944	0.9455	0.9771	0.946	0.9438	0.9454	0.9457	0.9223	0.9361	0	0.9457	0.9459	0.9145
  k	0.9456	0.9457	0.9459	0.9451	0.9457	0.948	0.9487	0.8375	0.9457	1.4165	1.4075	0.9459	0.9305	0.9461	0.9451	0.9455	0.9456	0.9355	0.9455	0.9457	0.9296	0.9458	0.9458	0.9441	0.9334	0.946	0.9041	0.9072	0.9476	0.9458	0.946	0.9453	0.9437	0.9453	0.9417	0.946	0.9435	0.9453	0.9456	0.9202	0.9348	0.9457	0	0.9458	0.9116
  l	0.9458	0.946	0.9461	0.9454	0.946	0.948	0.9486	1.2753	0.946	0.9452	0.9378	0.9461	0.9316	0.9463	0.9453	0.9458	0.9459	0.9371	0.9458	0.946	0.9317	0.946	0.9461	0.9446	0.9351	0.9463	0.9095	0.9119	0.9476	0.9461	0.9463	0.9455	0.9442	0.9456	0.9422	0.9462	0.9441	0.9455	0.9459	0.9235	0.9364	0.9459	0.9458	0	0.916
  m	0.9178	0.9124	0.9128	0.9121	2.287	0.9135	0.9142	4.227	0.9127	1.3725	1.3278	0.9122	0.9169	0.9133	0.93	0.9121	0.9126	0.9083	1.3691	0.9121	1.4763	0.916	0.9128	0.9127	2.0884	0.9128	1.1342	1.2804	0.9131	0.9126	0.9128	0.9966	0.9152	0.9153	0.9242	0.9124	1.3706	0.9187	0.9129	4.0529	3.2061	0.9145	0.9116	0.916	0

Actual rates from j->i (Q_ij):
	A	B	C	D	E	F	G	H	I	J	K	L	M	N	O	P	Q	R	S	T	U	V	W	X	Y	Z	[	\	]	^	_	`	a	b	c	d	e	f	g	h	i	j	k	l	m
  A	0	0.0207	0.0207	0.0207	0.0207	0.0208	0.0208	0.0187	0.0207	0.0207	0.0205	0.0207	0.0204	0.0207	0.0207	0.0207	0.0207	0.0206	0.0207	0.0207	0.0205	0.0207	0.0207	0.0207	0.0205	0.0207	0.0514	0.0387	0.0208	0.0207	0.0207	0.0207	0.0207	0.0207	0.0206	0.0207	0.0207	0.0207	0.0207	0.0203	0.0205	0.0207	0.0207	0.0207	0.0201
  B	0.0248	0	0.0248	0.0248	0.0248	0.0249	0.0249	0.022	0.0248	0.0248	0.037	0.0248	0.0478	0.0248	0.0248	0.0248	0.0248	0.0246	0.0248	0.0248	0.0271	0.0248	0.0248	0.0248	0.0245	0.0248	0.0237	0.0238	0.0249	0.0248	0.0248	0.0248	0.0248	0.0248	0.0247	0.0248	0.0248	0.0248	0.0248	0.0242	0.0245	0.0248	0.0248	0.0248	0.0239
  C	0.0246	0.0246	0	0.0245	0.0246	0.0246	0.0246	0.0218	0.0246	0.0245	0.0243	0.0246	0.0331	0.0246	0.0245	0.0246	0.0246	0.0289	0.0245	0.0246	0.0241	0.0246	0.0246	0.0245	0.0242	0.0246	0.0235	0.0236	0.0246	0.0246	0.0246	0.0245	0.0245	0.0246	0.0244	0.0246	0.0245	0.0245	0.0246	0.0239	0.0243	0.0246	0.0246	0.0246	0.0237
  D	0.0248	0.0248	0.0248	0	0.0248	0.0249	0.0249	0.022	0.0248	0.0248	0.0246	0.0248	0.0244	0.0248	0.0248	0.0248	0.0248	0.0245	0.0248	0.0248	0.0244	0.0248	0.0248	0.0248	0.1704	0.0248	0.0254	0.0238	0.0249	0.0248	0.0248	0.0248	0.0248	0.0248	0.0247	0.0248	0.0369	0.0248	0.0248	0.0242	0.0245	0.0248	0.0248	0.0248	0.0239
  E	0.0232	0.0232	0.0232	0.0232	0	0.0233	0.0233	0.0208	0.0232	0.0232	0.023	0.0232	0.0229	0.0232	0.0232	0.0232	0.0232	0.023	0.0232	0.0232	0.0229	0.0232	0.0232	0.0232	0.023	0.0232	0.0223	0.0224	0.0233	0.0232	0.0232	0.0232	0.0232	0.0232	0.0231	0.0232	0.0232	0.0232	0.0232	0.0227	0.023	0.0232	0.0232	0.0232	0.0562
  F	0.0249	0.0249	0.0249	0.0249	0.0249	0	0.0308	0.0222	0.0249	0.0249	0.0247	0.0249	0.0246	0.0249	0.0249	0.0249	0.0249	0.026	0.0249	0.0249	0.0245	0.0249	0.0249	0.0249	0.0246	0.0249	0.0241	0.0251	0.0344	0.0249	0.0251	0.0249	0.0249	0.0249	0.0248	0.0249	0.0249	0.0249	0.0249	0.0242	0.0246	0.0249	0.0249	0.0249	0.024
  G	0.0247	0.0247	0.0247	0.0247	0.0247	0.0305	0	0.022	0.0247	0.0247	0.0246	0.0247	0.0244	0.0247	0.0247	0.0247	0.0247	0.0268	0.0247	0.0247	0.0243	0.0247	0.0247	0.0247	0.0244	0.0247	0.0241	0.026	0.0286	0.0247	0.025	0.0247	0.0247	0.0247	0.0246	0.0247	0.0247	0.0247	0.0247	0.0241	0.0244	0.0247	0.0247	0.0247	0.0238
  H	0.0147	0.0144	0.0144	0.0144	0.0145	0.0144	0.0145	0	0.0144	0.0145	0.0271	0.0144	0.0448	0.0144	0.1095	0.0144	0.0144	0.0145	0.0145	0.0144	0.087	0.0218	0.0144	0.0144	0.0366	0.0144	0.0505	0.027	0.0144	0.0144	0.0144	0.0144	0.0187	0.0218	0.0675	0.0144	0.0145	0.0295	0.0144	0.1127	0.0359	0.0178	0.0143	0.0218	0.0724
  I	0.0246	0.0246	0.0246	0.0246	0.0246	0.0246	0.0247	0.0218	0	0.0246	0.0243	0.0246	0.0363	0.0246	0.0246	0.0246	0.0246	0.0243	0.0246	0.0246	0.0242	0.0246	0.0246	0.0245	0.0243	0.0246	0.0235	0.0236	0.0246	0.0246	0.0246	0.0246	0.0245	0.0246	0.0245	0.0246	0.0245	0.0246	0.0246	0.0239	0.0243	0.0246	0.0246	0.0246	0.0237
  J	0.0227	0.0227	0.0227	0.0227	0.0227	0.0227	0.0228	0.0203	0.0227	0	0.0399	0.033	0.0407	0.0227	0.0227	0.0227	0.034	0.0225	0.0227	0.0227	0.0227	0.0227	0.0227	0.0226	0.0224	0.0227	0.0218	0.054	0.0227	0.0227	0.0227	0.0227	0.0226	0.0227	0.0227	0.0227	0.0226	0.0227	0.0227	0.0221	0.0224	0.0227	0.034	0.0227	0.0329
  K	0.0127	0.0191	0.0127	0.0127	0.0127	0.0128	0.0128	0.0215	0.0127	0.0225	0	0.0127	0.0882	0.0127	0.0141	0.0222	0.0182	0.013	0.0127	0.0254	0.0412	0.0127	0.0178	0.0127	0.0187	0.0127	0.021	0.1445	0.0127	0.0127	0.0127	0.0184	0.0127	0.0127	0.0265	0.0127	0.0158	0.0127	0.0191	0.0126	0.0389	0.0254	0.0191	0.0127	0.018
  L	0.025	0.025	0.025	0.0249	0.025	0.025	0.025	0.0221	0.025	0.0363	0.0247	0	0.0273	0.025	0.0249	0.025	0.025	0.0247	0.025	0.025	0.0245	0.025	0.025	0.0249	0.0246	0.025	0.0239	0.024	0.025	0.025	0.025	0.0249	0.0249	0.025	0.0248	0.025	0.0249	0.0249	0.025	0.0243	0.0247	0.025	0.025	0.025	0.0241
  M	0.0162	0.0316	0.0221	0.0161	0.0161	0.0162	0.0162	0.0454	0.0242	0.0294	0.1128	0.0179	0	0.0161	0.0163	0.029	0.0161	0.0286	0.0161	0.0161	0.0367	0.0161	0.0161	0.0161	0.0176	0.0161	0.0254	0.1038	0.0162	0.0161	0.0162	0.0161	0.0161	0.0485	0.0295	0.0161	0.0162	0.0162	0.0214	0.0161	0.0208	0.0407	0.0161	0.0161	0.0159
  N	0.0243	0.0243	0.0243	0.0242	0.0242	0.0243	0.0243	0.0216	0.0243	0.0242	0.0241	0.0243	0.0239	0	0.0242	0.0242	0.0242	0.024	0.0242	0.0242	0.0239	0.0242	0.0243	0.0242	0.0239	0.0312	0.0233	0.031	0.0243	0.0243	0.0243	0.0242	0.0242	0.0242	0.0241	0.0279	0.0242	0.0242	0.0242	0.0236	0.024	0.0242	0.0242	0.0243	0.0234
  O	0.0116	0.0116	0.0116	0.0115	0.0116	0.0116	0.0116	0.0782	0.0116	0.0115	0.0127	0.0116	0.0115	0.0116	0	0.0115	0.0115	0.0115	0.0115	0.0116	0.0166	0.0116	0.0116	0.0115	0.0115	0.0116	0.0114	0.0131	0.0116	0.0116	0.0116	0.0115	0.0115	0.0115	0.0115	0.0116	0.0173	0.0116	0.0115	0.0116	0.0115	0.0116	0.0115	0.0116	0.0114
  P	0.025	0.025	0.025	0.025	0.025	0.0251	0.0251	0.0222	0.025	0.025	0.0434	0.025	0.0443	0.025	0.025	0	0.025	0.0248	0.025	0.025	0.0363	0.025	0.025	0.025	0.0247	0.025	0.0239	0.024	0.0251	0.025	0.025	0.025	0.025	0.025	0.0249	0.025	0.025	0.0258	0.025	0.0244	0.0247	0.025	0.025	0.025	0.0241
  Q	0.0246	0.0246	0.0246	0.0246	0.0246	0.0247	0.0247	0.0219	0.0246	0.0369	0.035	0.0246	0.0242	0.0246	0.0246	0.0246	0	0.0244	0.0246	0.0246	0.0242	0.0246	0.0246	0.0246	0.0243	0.0246	0.0236	0.0252	0.0247	0.0246	0.0246	0.0246	0.0246	0.0246	0.0245	0.0246	0.0246	0.0246	0.0246	0.024	0.0244	0.0246	0.0246	0.0246	0.0238
  R	0.0241	0.024	0.0286	0.024	0.024	0.0254	0.0264	0.0218	0.024	0.0241	0.0247	0.024	0.0424	0.0241	0.0242	0.024	0.024	0	0.024	0.024	0.0239	0.0241	0.024	0.024	0.0239	0.024	0.0357	0.0338	0.0249	0.024	0.0337	0.024	0.024	0.0241	0.0241	0.024	0.024	0.0241	0.024	0.0237	0.0238	0.0241	0.024	0.0241	0.0233
  S	0.0237	0.0237	0.0238	0.0238	0.0237	0.0238	0.0238	0.0212	0.0237	0.0237	0.0235	0.0238	0.0234	0.0238	0.0237	0.0237	0.0237	0.0235	0	0.0237	0.0234	0.0237	0.0237	0.0237	0.0273	0.0238	0.0236	0.0228	0.0238	0.0238	0.0238	0.0237	0.0237	0.0237	0.0236	0.0238	0.0237	0.0237	0.0237	0.0424	0.0235	0.0237	0.0237	0.0238	0.0344
  T	0.0251	0.0251	0.0251	0.025	0.0251	0.0251	0.0251	0.0222	0.0251	0.025	0.0496	0.0251	0.0246	0.0251	0.025	0.0251	0.0251	0.0248	0.025	0	0.0246	0.0251	0.0251	0.025	0.0247	0.0251	0.024	0.024	0.0251	0.0251	0.0251	0.025	0.025	0.025	0.0249	0.0251	0.025	0.025	0.0251	0.0244	0.0248	0.0251	0.0251	0.0251	0.0242
  U	0.0121	0.0134	0.0121	0.0121	0.0121	0.0121	0.0121	0.0659	0.0121	0.0123	0.0394	0.0121	0.0274	0.0121	0.0177	0.0178	0.0121	0.0121	0.0121	0.0121	0	0.0121	0.0121	0.0121	0.0522	0.0121	0.0647	0.0553	0.0121	0.0121	0.0121	0.0121	0.0275	0.0121	0.0122	0.0121	0.0138	0.0303	0.0182	0.0223	0.0121	0.0121	0.0121	0.0121	0.0192
  V	0.0221	0.0221	0.0221	0.022	0.0221	0.0221	0.0221	0.0297	0.0221	0.022	0.0219	0.0221	0.0217	0.0221	0.022	0.0221	0.0221	0.0219	0.0221	0.0221	0.0217	0	0.0221	0.022	0.0218	0.0221	0.0212	0.0213	0.0221	0.0221	0.0221	0.022	0.022	0.0221	0.022	0.0221	0.022	0.0221	0.0221	0.0215	0.0218	0.0221	0.0221	0.0221	0.0214
  W	0.0246	0.0246	0.0246	0.0245	0.0246	0.0246	0.0246	0.0218	0.0246	0.0245	0.0341	0.0246	0.0242	0.0246	0.0245	0.0246	0.0246	0.0243	0.0246	0.0246	0.0242	0.0246	0	0.0245	0.0243	0.0246	0.0235	0.0261	0.0246	0.0246	0.0246	0.0246	0.0245	0.0246	0.0245	0.0246	0.0245	0.0246	0.0246	0.0239	0.0243	0.0246	0.0246	0.0246	0.0237
  X	0.0239	0.0239	0.0239	0.0239	0.0239	0.024	0.024	0.0214	0.0239	0.0239	0.0238	0.0239	0.0236	0.024	0.0239	0.0239	0.0239	0.0237	0.0239	0.0239	0.0236	0.0239	0.0239	0	0.0237	0.024	0.0239	0.0334	0.024	0.0239	0.024	0.0239	0.0239	0.0239	0.0239	0.0239	0.0239	0.0239	0.0239	0.0234	0.0237	0.0239	0.0239	0.0239	0.0231
  Y	0.0113	0.0112	0.0112	0.0781	0.0112	0.0112	0.0113	0.0257	0.0112	0.0112	0.0166	0.0112	0.0122	0.0112	0.0113	0.0112	0.0112	0.0112	0.0131	0.0112	0.0484	0.0112	0.0112	0.0112	0	0.0112	0.2201	0.0112	0.0112	0.0112	0.0112	0.0112	0.0112	0.0112	0.0113	0.0112	0.0635	0.0113	0.0112	0.0309	0.0498	0.0112	0.0112	0.0112	0.0251
  Z	0.0246	0.0246	0.0246	0.0246	0.0246	0.0247	0.0247	0.0219	0.0246	0.0246	0.0244	0.0246	0.0242	0.0317	0.0246	0.0246	0.0246	0.0244	0.0246	0.0246	0.0242	0.0246	0.0246	0.0246	0.0243	0	0.0236	0.028	0.0247	0.0246	0.0246	0.0246	0.0246	0.0246	0.0245	0.0355	0.0246	0.0246	0.0246	0.024	0.0243	0.0246	0.0246	0.0246	0.0238
  [	0.0341	0.0132	0.0132	0.0141	0.0132	0.0133	0.0134	0.0429	0.0132	0.0132	0.0225	0.0132	0.0213	0.0132	0.0135	0.0131	0.0132	0.0202	0.0136	0.0131	0.0725	0.0132	0.0132	0.0137	0.2661	0.0132	0	0.2557	0.0133	0.0139	0.0133	0.0132	0.0133	0.0132	0.0185	0.0132	0.0276	0.0133	0.0144	0.391	0.021	0.0132	0.0131	0.0132	0.0165
  \	0.016	0.0082	0.0082	0.0082	0.0082	0.0086	0.009	0.0143	0.0082	0.0203	0.0963	0.0082	0.0541	0.0109	0.0097	0.0082	0.0087	0.0119	0.0082	0.0082	0.0385	0.0082	0.0091	0.0119	0.0084	0.0097	0.159	0	0.0085	0.0082	0.0085	0.0082	0.0105	0.0082	0.0273	0.0089	0.0095	0.0083	0.0099	0.0137	0.0095	0.0082	0.0082	0.0082	0.0116
  ]	0.025	0.025	0.025	0.025	0.025	0.0345	0.0289	0.0222	0.025	0.025	0.0248	0.025	0.0246	0.025	0.025	0.025	0.025	0.0256	0.025	0.025	0.0246	0.025	0.025	0.025	0.0247	0.025	0.024	0.0247	0	0.025	0.0251	0.025	0.0249	0.025	0.0249	0.025	0.0249	0.025	0.025	0.0243	0.0247	0.025	0.025	0.025	0.0241
  ^	0.0248	0.0248	0.0248	0.0248	0.0248	0.0248	0.0248	0.022	0.0248	0.0247	0.0245	0.0248	0.0244	0.0248	0.0247	0.0248	0.0248	0.0245	0.0248	0.0248	0.0244	0.0248	0.0248	0.0247	0.0245	0.0248	0.0251	0.0238	0.0248	0	0.0248	0.0248	0.0247	0.0248	0.0247	0.0248	0.0247	0.0248	0.0322	0.0241	0.0306	0.0248	0.0248	0.0248	0.0239
  _	0.0247	0.0247	0.0247	0.0246	0.0247	0.0249	0.025	0.022	0.0247	0.0247	0.0245	0.0247	0.0243	0.0247	0.0246	0.0247	0.0247	0.0342	0.0247	0.0247	0.0243	0.0247	0.0247	0.0246	0.0244	0.0247	0.0238	0.0246	0.0248	0.0247	0	0.0246	0.0246	0.0247	0.0246	0.0247	0.0246	0.0246	0.0247	0.024	0.0244	0.0247	0.0247	0.0247	0.0238
  `	0.0246	0.0247	0.0247	0.0246	0.0247	0.0247	0.0247	0.0219	0.0246	0.0246	0.0355	0.0247	0.0243	0.0247	0.0246	0.0246	0.0246	0.0244	0.0246	0.0247	0.0242	0.0247	0.0247	0.0246	0.0243	0.0247	0.0236	0.0238	0.0247	0.0247	0.0247	0	0.0246	0.0246	0.0245	0.0247	0.0246	0.0246	0.0246	0.024	0.0244	0.0246	0.0246	0.0247	0.026
  a	0.0221	0.0221	0.0221	0.0221	0.0221	0.0222	0.0222	0.0257	0.0221	0.0221	0.022	0.0221	0.0218	0.0222	0.0222	0.0221	0.0221	0.0219	0.0221	0.0221	0.0497	0.0221	0.0221	0.0221	0.0219	0.0222	0.0215	0.0272	0.0222	0.0221	0.0222	0.0221	0	0.0221	0.0221	0.0221	0.0221	0.0221	0.0221	0.0217	0.0219	0.0221	0.0221	0.0222	0.0215
  b	0.0224	0.0224	0.0224	0.0224	0.0224	0.0225	0.0225	0.0302	0.0224	0.0224	0.0222	0.0224	0.0664	0.0224	0.0224	0.0224	0.0224	0.0222	0.0224	0.0224	0.0221	0.0224	0.0224	0.0224	0.0222	0.0224	0.0215	0.0216	0.0224	0.0224	0.0224	0.0224	0.0224	0	0.0223	0.0224	0.0224	0.0224	0.0224	0.0219	0.0222	0.0224	0.0224	0.0224	0.0217
  c	0.0145	0.0145	0.0145	0.0145	0.0145	0.0145	0.0145	0.0607	0.0145	0.0146	0.0301	0.0145	0.0262	0.0145	0.0145	0.0145	0.0145	0.0144	0.0145	0.0145	0.0144	0.0145	0.0145	0.0145	0.0144	0.0145	0.0196	0.0466	0.0145	0.0145	0.0145	0.0145	0.0145	0.0145	0	0.0145	0.0145	0.0145	0.0145	0.0143	0.0144	0.015	0.0145	0.0145	0.0142
  d	0.0249	0.0249	0.0249	0.0248	0.0249	0.0249	0.0249	0.0221	0.0249	0.0248	0.0246	0.0249	0.0245	0.0286	0.0248	0.0249	0.0249	0.0246	0.0249	0.0249	0.0244	0.0249	0.0249	0.0248	0.0245	0.0359	0.0238	0.026	0.0249	0.0249	0.0249	0.0249	0.0248	0.0249	0.0248	0	0.0248	0.0249	0.0249	0.0242	0.0246	0.0249	0.0249	0.0249	0.024
  e	0.0233	0.0233	0.0233	0.0348	0.0233	0.0234	0.0234	0.0209	0.0233	0.0233	0.0288	0.0233	0.0231	0.0233	0.035	0.0233	0.0233	0.0231	0.0234	0.0233	0.0262	0.0233	0.0233	0.0233	0.1306	0.0233	0.0469	0.026	0.0234	0.0233	0.0233	0.0233	0.0233	0.0233	0.0233	0.0233	0	0.0233	0.0233	0.0454	0.0446	0.0233	0.0233	0.0233	0.0339
  f	0.02	0.02	0.02	0.02	0.02	0.02	0.02	0.0364	0.02	0.0199	0.0198	0.02	0.0197	0.02	0.02	0.0206	0.02	0.0198	0.02	0.02	0.0494	0.02	0.02	0.0199	0.0198	0.02	0.0193	0.0193	0.02	0.02	0.02	0.02	0.0199	0.02	0.0199	0.02	0.0199	0	0.02	0.0195	0.0198	0.02	0.02	0.02	0.0194
  g	0.0247	0.0247	0.0247	0.0246	0.0247	0.0247	0.0247	0.0219	0.0247	0.0247	0.0366	0.0247	0.0322	0.0247	0.0246	0.0247	0.0247	0.0244	0.0247	0.0247	0.0365	0.0247	0.0247	0.0246	0.0244	0.0247	0.0257	0.0285	0.0247	0.032	0.0247	0.0246	0.0246	0.0246	0.0246	0.0247	0.0246	0.0246	0	0.024	0.0328	0.0247	0.0247	0.0247	0.0238
  h	0.0065	0.0065	0.0065	0.0065	0.0065	0.0065	0.0065	0.0461	0.0065	0.0065	0.0065	0.0065	0.0065	0.0065	0.0067	0.0065	0.0065	0.0065	0.0118	0.0065	0.0121	0.0065	0.0065	0.0065	0.018	0.0065	0.1886	0.0107	0.0065	0.0065	0.0065	0.0065	0.0065	0.0065	0.0065	0.0065	0.0129	0.0065	0.0065	0	0.0101	0.0065	0.0065	0.0065	0.0284
  i	0.0187	0.0187	0.0187	0.0187	0.0187	0.0187	0.0188	0.0419	0.0187	0.0187	0.0574	0.0187	0.024	0.0187	0.0188	0.0187	0.0187	0.0186	0.0187	0.0187	0.0186	0.0187	0.0187	0.0187	0.0828	0.0187	0.0288	0.021	0.0187	0.0234	0.0187	0.0187	0.0187	0.0187	0.0187	0.0187	0.0361	0.0187	0.0251	0.0288	0	0.0187	0.0187	0.0187	0.0641
  j	0.0234	0.0234	0.0234	0.0234	0.0234	0.0234	0.0234	0.0258	0.0234	0.0234	0.0464	0.0234	0.0581	0.0234	0.0234	0.0234	0.0234	0.0232	0.0234	0.0234	0.023	0.0234	0.0234	0.0233	0.0231	0.0234	0.0224	0.0225	0.0234	0.0234	0.0234	0.0234	0.0233	0.0234	0.0242	0.0234	0.0233	0.0234	0.0234	0.0228	0.0231	0	0.0234	0.0234	0.0226
  k	0.0253	0.0253	0.0253	0.0253	0.0253	0.0254	0.0254	0.0224	0.0253	0.038	0.0377	0.0253	0.0249	0.0253	0.0253	0.0253	0.0253	0.0251	0.0253	0.0253	0.0249	0.0253	0.0253	0.0253	0.025	0.0253	0.0242	0.0243	0.0254	0.0253	0.0253	0.0253	0.0253	0.0253	0.0252	0.0253	0.0253	0.0253	0.0253	0.0247	0.025	0.0253	0	0.0253	0.0244
  l	0.0221	0.0221	0.0221	0.022	0.0221	0.0221	0.0221	0.0297	0.0221	0.022	0.0219	0.0221	0.0217	0.0221	0.022	0.0221	0.0221	0.0219	0.0221	0.0221	0.0217	0.0221	0.0221	0.022	0.0218	0.0221	0.0212	0.0213	0.0221	0.0221	0.0221	0.022	0.022	0.0221	0.022	0.0221	0.022	0.022	0.0221	0.0215	0.0218	0.0221	0.0221	0	0.0214
  m	0.0131	0.013	0.013	0.013	0.0326	0.013	0.013	0.0602	0.013	0.0196	0.0189	0.013	0.0131	0.013	0.0133	0.013	0.013	0.0129	0.0195	0.013	0.021	0.0131	0.013	0.013	0.0298	0.013	0.0162	0.0182	0.013	0.013	0.013	0.0142	0.013	0.013	0.0132	0.013	0.0195	0.0131	0.013	0.0577	0.0457	0.013	0.013	0.0131	0
