{
  "generated_by": {
    "program": "augur",
    "version": "13.0.2"
  },
  "models": {
    "country": {
      "alphabet": [
        "Australia",
        "Austria",
        "Azerbaijan",
        "Brunei",
        "Cambodia",
        "Cameroon",
        "Central African Republic",
        "China",
        "Croatia",
        "Finland",
        "France",
        "Georgia",
        "Germany",
        "Guinea",
        "Hong Kong",
        "Hungary",
        "Iceland",
        "India",
        "Indonesia",
        "Italy",
        "Japan",
        "Kazakhstan",
        "Latvia",
        "Madagascar",
        "Malaysia",
        "Mauritania",
        "Na",
        "Netherlands",
        "Niger",
        "Norway",
        "Pakistan",
        "Peru",
        "Philippines",
        "Poland",
        "Russia",
        "Senegal",
        "Singapore",
        "South Korea",
        "Spain",
        "Taiwan",
        "Thailand",
        "Tunisia",
        "United Kingdom",
        "Usa",
        "Viet Nam",
        "?"
      ],
      "equilibrium_probabilities": [
        0.021901509845681268,
        0.026231426434586,
        0.02595613201379183,
        0.026243771662010806,
        0.02456506946420552,
        0.026278699258496397,
        0.026062801323785908,
        0.017121163563717224,
        0.025983522839787995,
        0.02398615383400573,
        0.013556376949844953,
        0.02638592335726525,
        0.017334346380854456,
        0.02562747454346863,
        0.012220451210528461,
        0.026460318096193803,
        0.026042484963250095,
        0.025678316550405762,
        0.025112202384067035,
        0.026490642826730495,
        0.012974722095327906,
        0.023321815343325312,
        0.02596846613332114,
        0.02535354571468356,
        0.01202557258179535,
        0.02602316652940211,
        0.014534441142883032,
        0.009037967985424137,
        0.026370954932259806,
        0.026183335604424537,
        0.026064981292402003,
        0.026072736617958062,
        0.02345892440301571,
        0.023698261049384266,
        0.01538952556454828,
        0.026280671614953614,
        0.024724587649142444,
        0.021117157215015402,
        0.026071124020137882,
        0.0070127302515549566,
        0.01999573269045957,
        0.024720209366697294,
        0.02679350794888991,
        0.023318794800414964,
        0.014248279949901051
      ],
      "rate": 11.308464317034073,
      "transition_matrix": [
        [
          0.0,
          0.9457407691182944,
          0.9458673548658327,
          0.9451993376227572,
          0.9457369187821797,
          0.9482938597811184,
          0.9492609302311282,
          0.8556764590705666,
          0.945749118458619,
          0.9449888968139092,
          0.9381863874502543,
          0.9458338987827878,
          0.9324993156451572,
          0.9462710011052209,
          0.9452506202254799,
          0.9455507910604822,
          0.9456557990498138,
          0.9387713408661333,
          0.9455478932351028,
          0.9456952383949041,
          0.9338361671864468,
          0.9457932976324048,
          0.9458244537275968,
          0.9446397594416882,
          0.935798179827203,
          0.9461956075830601,
          2.345626272860539,
          1.7670750151530006,
          0.9477447157060724,
          0.9458912332083736,
          0.9465104944032554,
          0.9452975291105727,
          0.9441775960586992,
          0.945403800226413,
          0.9423569377455127,
          0.9460897777850664,
          0.9440052324383351,
          0.9453687763183081,
          0.9457040131296494,
          0.92517939627857,
          0.9368714882739716,
          0.9456555348654807,
          0.9455922067847247,
          0.9458424384938018,
          0.9178262829652089
        ],
        [
          0.9457407691182944,
          0.0,
          0.9461809382129762,
          0.9452495364891077,
          0.9458806492487262,
          0.9481283111502707,
          0.9488381560005111,
          0.8400623973065747,
          0.9459377647266937,
          0.9451192142052793,
          1.410171830177772,
          0.9460487101703984,
          1.821909768878693,
          0.9462520098399995,
          0.945181471465688,
          0.9457809920361072,
          0.9457969401126785,
          0.9361368777613227,
          0.945649248874175,
          0.9458489866431411,
          1.0329794213401762,
          0.9459369470384124,
          0.9459890781435589,
          0.9443258280495738,
          0.9337940082353632,
          0.9462094835519351,
          0.9053296254777516,
          0.9084934118214297,
          0.9477142959228025,
          0.9460088894959094,
          0.9462076948684149,
          0.9454320198272989,
          0.9439932333233976,
          0.9455833520809299,
          0.9417182803523049,
          0.9461624864507114,
          0.9437633704455509,
          0.9454754431563737,
          0.9458375098354495,
          0.9207791897635329,
          0.9351647670205723,
          0.9459262030218432,
          0.9457281164613756,
          0.9459958056405806,
          0.9124457485197014
        ],
        [
          0.9458673548658327,
          0.9461809382129762,
          0.0,
          0.9454027415793894,
          0.9460198648571856,
          0.9483837499719052,
          0.9491611193586774,
          0.8408080321390619,
          0.9461143949985162,
          0.9452707743934439,
          0.9372919694032638,
          0.9461892493776409,
          1.2753114284079612,
          0.9463927859750707,
          0.9452263164225787,
          0.9459297737165643,
          0.9459446611619534,
          1.1153179077219721,
          0.9457943981022722,
          0.9459978491176666,
          0.9302035040571652,
          0.9460686491714089,
          0.9461227686169912,
          0.9444793762649202,
          0.9339120732102478,
          0.9463526134886746,
          0.9056553532050006,
          0.9088136721486627,
          0.9479341894362957,
          0.946155853251047,
          0.9465833532534828,
          0.9455161264218193,
          0.9440621739916731,
          0.9458294134272458,
          0.9418674710389409,
          0.9463076227625482,
          0.9438843036452575,
          0.9455328172158856,
          0.9459587048101831,
          0.921060236210099,
          0.9353851790432602,
          0.9460904231711259,
          0.9458799897675939,
          0.9461268937988961,
          0.9127523435520358
        ],
        [
          0.9451993376227572,
          0.9452495364891077,
          0.9454027415793894,
          0.0,
          0.9452726352745208,
          0.9474833973321997,
          0.9482061056288101,
          0.8392423909390939,
          0.9452647376795118,
          0.9443706790785057,
          0.9363335698459104,
          0.9453591810030415,
          0.9293722569563174,
          0.9456122656492234,
          0.9448615509592369,
          0.9450194738903281,
          0.94515182329576,
          0.9352847528299865,
          0.9457890774370241,
          0.9451922242517811,
          0.9296240573971148,
          0.9453595981801606,
          0.9453341387997698,
          0.9437152335161128,
          6.491791610355034,
          0.9455602167499122,
          0.9674269178635947,
          0.9076358672998649,
          0.9470644925494773,
          0.9453759740271425,
          0.9455704313793559,
          0.944718311916897,
          0.9433341500194964,
          0.944887153821019,
          0.9412872232408059,
          0.9455084147943829,
          1.4076067114752688,
          0.9448858907896357,
          0.9451301116753897,
          0.9215120094603634,
          0.9350106096419114,
          0.9451680937603444,
          0.945064060480147,
          0.9454184863142228,
          0.9120717704520174
        ],
        [
          0.9457369187821797,
          0.9458806492487262,
          0.9460198648571856,
          0.9452726352745208,
          0.0,
          0.9479271238530461,
          0.9485733747936282,
          0.8456331541847042,
          0.9458891508318897,
          0.9450078203113366,
          0.9373969065377123,
          0.9459869821211851,
          0.9307888177934761,
          0.9462108049828819,
          0.9451938948701997,
          0.9456698237657554,
          0.9457846070879644,
          0.936456986552469,
          0.9456509489476228,
          0.9458323117050231,
          0.9310843232777785,
          0.9459195994832151,
          0.9459540822929675,
          0.94439954171532,
          0.9345000098882799,
          0.9461709729254075,
          0.9075224637527486,
          0.9102727232729654,
          0.9475499420349208,
          0.9459847951383439,
          0.9461486208330401,
          0.9455531487121511,
          0.9440239440590088,
          0.9454850886605879,
          0.9419246753542848,
          0.9461270387905806,
          0.9438448251374434,
          0.945427307926459,
          0.9457500033689148,
          0.9223511150473039,
          0.9357999956912432,
          0.9457728214734533,
          0.9457188491999313,
          0.9459747142129982,
          2.2869770689507134
        ],
        [
          0.9482938597811184,
          0.9481283111502707,
          0.9483837499719052,
          0.9474833973321997,
          0.9479271238530461,
          0.0,
          1.170678020770803,
          0.8429521224385181,
          0.9480822519512473,
          0.9478794722613951,
          0.9414221937669595,
          0.9482085954444579,
          0.934585779139322,
          0.9486296237748816,
          0.9463854479251957,
          0.9479366937046045,
          0.9480310410379716,
          0.9891298610513786,
          0.9477585085604676,
          0.9480922292647617,
          0.9322156087411083,
          0.9478950589339321,
          0.9482723189768174,
          0.9466012488681173,
          0.9354795716617097,
          0.9485157025406193,
          0.9157403267061495,
          0.9565044366394194,
          1.309437695184144,
          0.9481879724061603,
          0.9537054626327759,
          0.9475377473173408,
          0.9460337597712103,
          0.9475164699795137,
          0.9439015106244636,
          0.9484249849147082,
          0.9460466549991411,
          0.9472052013102916,
          0.9481492312327089,
          0.9223209787425313,
          0.9369786875865608,
          0.9478848175678211,
          0.9479782958301349,
          0.9479541100773543,
          0.9134999638456209
        ],
        [
          0.9492609302311282,
          0.9488381560005111,
          0.9491611193586774,
          0.9482061056288101,
          0.9485733747936282,
          1.170678020770803,
          0.0,
          0.8460146204690925,
          0.9487707872710837,
          0.9490315521514031,
          0.9441286972780604,
          0.9489023612146513,
          0.9374432327615718,
          0.94942567586421,
          0.946846435469599,
          0.9486595149398398,
          0.9487469214638489,
          1.0297530002103406,
          0.9484239982934457,
          0.9488030503437289,
          0.93346220753318,
          0.9485200824291264,
          0.9490300780808565,
          0.9474247930013442,
          0.9363417293353763,
          0.9492705406438899,
          0.923597418678695,
          0.9983135380901733,
          1.0966282250177306,
          0.9488782727687214,
          0.9588802948776188,
          0.9482304907605662,
          0.9468011588168161,
          0.9481812167175978,
          0.9448867528777765,
          0.9491547000612606,
          0.9468554674430107,
          0.9477939534372486,
          0.9489642737684079,
          0.9233648118023632,
          0.9377336078477326,
          0.9485765731356751,
          0.9486910102555581,
          0.9485786591784041,
          0.9142075773208693
        ],
        [
          0.8556764590705666,
          0.8400623973065747,
          0.8408080321390619,
          0.8392423909390939,
          0.8456331541847042,
          0.8429521224385181,
          0.8460146204690925,
          0.0,
          0.840474095445424,
          0.8478090015352903,
          1.5824782010870846,
          0.8390931896712626,
          2.6189037607176653,
          0.841992828810792,
          6.3962357138718815,
          0.8392539866209059,
          0.8402463794063113,
          0.8487058210735032,
          0.8445363657437508,
          0.8387012582846469,
          5.080651718102635,
          1.2753644850450045,
          0.8406381996778385,
          0.8435098975415186,
          2.1387537018573384,
          0.8405083642445392,
          2.9488470096463617,
          1.5790635238469615,
          0.8414758830358542,
          0.8399472321002119,
          0.8422272689117799,
          0.840308573500899,
          1.0942777704684596,
          1.2728712692297568,
          3.941925554366658,
          0.8395358828025188,
          0.8445619229502317,
          1.723690530227399,
          0.840463828303301,
          6.579956704453085,
          2.095664300739415,
          1.0419448120267143,
          0.8375061195839775,
          1.2753024619656346,
          4.227018448276299
        ],
        [
          0.945749118458619,
          0.9459377647266937,
          0.9461143949985162,
          0.9452647376795118,
          0.9458891508318897,
          0.9480822519512473,
          0.9487707872710837,
          0.840474095445424,
          0.0,
          0.9450089117520969,
          0.9367522188713341,
          0.9460350655568556,
          1.3952314599010114,
          0.9462557774183398,
          0.9451589630585382,
          0.9456879812803046,
          0.9458059809634267,
          0.9360552074471213,
          0.9456603563389206,
          0.9458571384368591,
          0.9300595875489431,
          0.9459445472638415,
          0.9459851303830838,
          0.9443414675319379,
          0.9338375097455135,
          0.9462142382123782,
          0.9053877074273304,
          0.908189307435403,
          0.9476809120565154,
          0.946017331724929,
          0.9461948097284181,
          0.945377606302129,
          0.9439388540290238,
          0.9454869554349954,
          0.9417087292251285,
          0.9461682800013889,
          0.9437514117031048,
          0.9454203804082343,
          0.9457757992672035,
          0.920997388409767,
          0.9352405457296181,
          0.9457953882923827,
          0.9457377066830095,
          0.9460028467565795,
          0.9126511365858396
        ],
        [
          0.9449888968139092,
          0.9451192142052793,
          0.9452707743934439,
          0.9443706790785057,
          0.9450078203113366,
          0.9478794722613951,
          0.9490315521514031,
          0.8478090015352903,
          0.9450089117520969,
          0.0,
          1.6618515536205873,
          1.3748826360633635,
          1.6962259057610676,
          0.9456645314667262,
          0.9449021738681582,
          0.9448238648141487,
          1.417308358090515,
          0.9380909826097242,
          0.9447780050531783,
          0.9449154289190507,
          0.9450713966625066,
          0.9451044114835604,
          0.9451198393237261,
          0.9437950254988656,
          0.9343583958677818,
          0.9455520812285899,
          0.9084520409044892,
          2.2513293281917828,
          0.9472344534126018,
          0.9450822704701541,
          0.9459255655502947,
          0.9447137927568856,
          0.9434085420286763,
          0.9447704967095931,
          0.9482669324124754,
          0.9454004002430492,
          0.9431584907656613,
          0.9447057606777693,
          0.9483765493782351,
          0.9226856150577781,
          0.935423221078741,
          0.9451134648928785,
          1.4165478357445311,
          0.9451582460112573,
          1.3725165800597172
        ],
        [
          0.9381863874502543,
          1.410171830177772,
          0.9372919694032638,
          0.9363335698459104,
          0.9373969065377123,
          0.9414221937669595,
          0.9441286972780604,
          1.5824782010870846,
          0.9367522188713341,
          1.6618515536205873,
          0.0,
          0.9368721371707793,
          6.5085225010713135,
          0.9385962084689317,
          1.0409758155323583,
          1.6395275047929343,
          1.3446812166368949,
          0.9621082277517529,
          0.9370209990330782,
          1.8730768082463245,
          3.037986347328257,
          0.9377290337180247,
          1.3141658427088352,
          0.9376180204851648,
          1.3827205342370557,
          0.9381315326142114,
          1.5491461055732603,
          10.657980114253101,
          0.9400102707279089,
          0.9371449219321654,
          0.9397652778177427,
          1.3598543536080396,
          0.9382201742629979,
          0.9378128877289718,
          1.9561036130197649,
          0.9375756103917581,
          1.1630624854376728,
          0.9383011764061675,
          1.405451155980051,
          0.9319033417410378,
          2.872628123225106,
          1.877129183434046,
          1.4074659444159427,
          0.9377597030990897,
          1.327788706244293
        ],
        [
          0.9458338987827878,
          0.9460487101703984,
          0.9461892493776409,
          0.9453591810030415,
          0.9459869821211851,
          0.9482085954444579,
          0.9489023612146513,
          0.8390931896712626,
          0.9460350655568556,
          1.3748826360633635,
          0.9368721371707793,
          0.0,
          1.035242589755763,
          0.946363437337311,
          0.9451943599536784,
          0.9458130064240747,
          0.9459238346505868,
          0.9359388710007119,
          0.9457567383920462,
          0.9459623871739818,
          0.9298630402415845,
          0.9460380937064722,
          0.9460900805087648,
          0.9444158981205454,
          0.9336973983494081,
          0.9463227272652864,
          0.9048460509859835,
          0.9077487252504377,
          0.9478045372340765,
          0.946123563720081,
          0.9462974918839507,
          0.9454733402090556,
          0.9440004084183543,
          0.9456259099037455,
          0.9417254230979787,
          0.9462771672761499,
          0.9438158315896148,
          0.9454964867063412,
          0.9458898044261042,
          0.9206450985605932,
          0.935158847539743,
          0.9459281675955368,
          0.9458585176301604,
          0.9460972981662475,
          0.9122119891479918
        ],
        [
          0.9324993156451572,
          1.821909768878693,
          1.2753114284079612,
          0.9293722569563174,
          0.9307888177934761,
          0.934585779139322,
          0.9374432327615718,
          2.6189037607176653,
          1.3952314599010114,
          1.6962259057610676,
          6.5085225010713135,
          1.035242589755763,
          0.0,
          0.9312011903994651,
          0.9386611139555096,
          1.6755457423199773,
          0.9299145525466913,
          1.6527083788812456,
          0.9303177624489425,
          0.9296508138981167,
          2.114796335522289,
          0.9315945077349441,
          0.9305442494905657,
          0.930461224722702,
          1.0134021278095886,
          0.9307836071894376,
          1.4645115772182276,
          5.988820380517075,
          0.9331191777452625,
          0.930004821615285,
          0.9337497806926337,
          0.9301652072444438,
          0.9310805241376436,
          2.8005163617232807,
          1.7016792406934629,
          0.9303676704226986,
          0.9325059001452718,
          0.9326996579988138,
          1.2357391517469678,
          0.9265911909793544,
          1.1988311378067198,
          2.348917237990289,
          0.9304503096810768,
          0.9316326047958081,
          0.9169427829809083
        ],
        [
          0.9462710011052209,
          0.9462520098399995,
          0.9463927859750707,
          0.9456122656492234,
          0.9462108049828819,
          0.9486296237748816,
          0.94942567586421,
          0.841992828810792,
          0.9462557774183398,
          0.9456645314667262,
          0.9385962084689317,
          0.946363437337311,
          0.9312011903994651,
          0.0,
          0.9453685751508372,
          0.9460356179188716,
          0.9461665412354089,
          0.9368977167716018,
          0.9459944775893369,
          0.9462060161128238,
          0.9308281700588437,
          0.9462492625971837,
          0.9463822859655417,
          0.9447657211699244,
          0.9341828413998661,
          1.21844815902034,
          0.9079587311136572,
          1.2081006203488613,
          0.948167445071454,
          0.9463586285243352,
          0.9467028702615585,
          0.945727330916339,
          0.9443831374370288,
          0.9458015069515299,
          0.9422581936438578,
          1.0873005577814452,
          0.9441620601043716,
          0.9457028658249939,
          0.9461951309187565,
          0.9214778330005918,
          0.9356767591493967,
          0.9461139879909383,
          0.9460908037467805,
          0.9463067847804529,
          0.9133172473242775
        ],
        [
          0.9452506202254799,
          0.945181471465688,
          0.9452263164225787,
          0.9448615509592369,
          0.9451938948701997,
          0.9463854479251957,
          0.946846435469599,
          6.3962357138718815,
          0.9451589630585382,
          0.9449021738681582,
          1.0409758155323583,
          0.9451943599536784,
          0.9386611139555096,
          0.9453685751508372,
          0.0,
          0.9450748970939902,
          0.945120008210247,
          0.9410531099995988,
          0.9450783844764207,
          0.9451422663452812,
          1.361339316593233,
          0.9452807369757177,
          0.9452139732485587,
          0.9445192550782747,
          0.9402327011057222,
          0.9453265633803071,
          0.9321250450415779,
          1.0743189004819986,
          0.9461239435363217,
          0.9452008752915305,
          0.9454530078271648,
          0.944928303482964,
          0.9446494539601703,
          0.9450480961596236,
          0.9437654184686635,
          0.9452858094841176,
          1.4144430433978246,
          0.9453821683448902,
          0.9451337065019103,
          0.9502595952443018,
          0.9405751567331175,
          0.9454960884932744,
          0.9450621298554428,
          0.9453027332262735,
          0.9299822348140465
        ],
        [
          0.9455507910604822,
          0.9457809920361072,
          0.9459297737165643,
          0.9450194738903281,
          0.9456698237657554,
          0.9479366937046045,
          0.9486595149398398,
          0.8392539866209059,
          0.9456879812803046,
          0.9448238648141487,
          1.6395275047929343,
          0.9458130064240747,
          1.6755457423199773,
          0.9460356179188716,
          0.9450748970939902,
          0.0,
          0.9455750432910597,
          0.9358005562792753,
          0.9454318206257445,
          0.9456264489419375,
          1.37031681075347,
          0.9457372210672723,
          0.9457766940675237,
          0.944099712815965,
          0.933529026468173,
          0.9459896564208675,
          0.9046336697850332,
          0.9078844004342491,
          0.9475148179733973,
          0.9457856767242157,
          0.945995943450057,
          0.9452496770890795,
          0.9437659130894372,
          0.9452767348613182,
          0.9415274566179561,
          0.9459400510860299,
          0.9435348338443599,
          0.9737656172022138,
          0.9455564715862922,
          0.920499927190844,
          0.9349015571015568,
          0.9456781959086034,
          0.945499938324271,
          0.9457965923515022,
          0.9121114304019667
        ],
        [
          0.9456557990498138,
          0.9457969401126785,
          0.9459446611619534,
          0.94515182329576,
          0.9457846070879644,
          0.9480310410379716,
          0.9487469214638489,
          0.8402463794063113,
          0.9458059809634267,
          1.417308358090515,
          1.3446812166368949,
          0.9459238346505868,
          0.9299145525466913,
          0.9461665412354089,
          0.945120008210247,
          0.9455750432910597,
          0.0,
          0.9359301921374258,
          0.9455535142354722,
          0.9457449557879337,
          0.9299618027583165,
          0.9458453900861415,
          0.9459027356778683,
          0.9442446424276646,
          0.9337612903730432,
          0.946120458803094,
          0.9052608802228115,
          0.9665820441648015,
          0.9476131861640963,
          0.9459066717428554,
          0.9461245536200227,
          0.9453260990685477,
          0.9438408381754971,
          0.9453839066482674,
          0.9416469611303454,
          0.94606798507302,
          0.9436639608914811,
          0.9453294915121706,
          0.9456601392369088,
          0.9209149341494693,
          0.9351379130368067,
          0.9457292583956644,
          0.9456244173866042,
          0.9459038221861479,
          0.9125905100237977
        ],
        [
          0.9387713408661333,
          0.9361368777613227,
          1.1153179077219721,
          0.9352847528299865,
          0.936456986552469,
          0.9891298610513786,
          1.0297530002103406,
          0.8487058210735032,
          0.9360552074471213,
          0.9380909826097242,
          0.9621082277517529,
          0.9359388710007119,
          1.6527083788812456,
          0.9368977167716018,
          0.9410531099995988,
          0.9358005562792753,
          0.9359301921374258,
          0.0,
          0.9360456366881825,
          0.9357476665417033,
          0.9289077100366555,
          0.9370315434850741,
          0.936291001780842,
          0.9358501502391152,
          0.9312093281009255,
          0.9365034034478885,
          1.389869120910974,
          1.3148168601359664,
          0.9693866207425011,
          0.9359844792238283,
          1.312578476542427,
          0.9353996892540467,
          0.9354561256410038,
          0.9368819578205678,
          0.9383012904985545,
          0.9362312864141654,
          0.9348382386968466,
          0.9374261649430349,
          0.9363396975599315,
          0.9218337090459773,
          0.9284782157816157,
          0.936712340587151,
          0.935489851637638,
          0.9370892721614367,
          0.908284508862217
        ],
        [
          0.9455478932351028,
          0.945649248874175,
          0.9457943981022722,
          0.9457890774370241,
          0.9456509489476228,
          0.9477585085604676,
          0.9484239982934457,
          0.8445363657437508,
          0.9456603563389206,
          0.9447780050531783,
          0.9370209990330782,
          0.9457567383920462,
          0.9303177624489425,
          0.9459944775893369,
          0.9450783844764207,
          0.9454318206257445,
          0.9455535142354722,
          0.9360456366881825,
          0.0,
          0.9455979945209365,
          0.9309966966102721,
          0.9457152683779799,
          0.9457267239268787,
          0.9441494470879893,
          1.0876627823755929,
          0.9459497243057268,
          0.9386682652708019,
          0.9094192391446779,
          0.9473683372149115,
          0.9457573195962787,
          0.9459325681803673,
          0.9451991196472818,
          0.9437741746002418,
          0.945266946865377,
          0.9417073353962505,
          0.9459018656390569,
          0.9446913269620376,
          0.9452315755670174,
          0.9455178663059535,
          1.6873374443641536,
          0.9367429634496106,
          0.9455497550395358,
          0.9454794210653932,
          0.9457716138698422,
          1.3691226958322347
        ],
        [
          0.9456952383949041,
          0.9458489866431411,
          0.9459978491176666,
          0.9451922242517811,
          0.9458323117050231,
          0.9480922292647617,
          0.9488030503437289,
          0.8387012582846469,
          0.9458571384368591,
          0.9449154289190507,
          1.8730768082463245,
          0.9459623871739818,
          0.9296508138981167,
          0.9462060161128238,
          0.9451422663452812,
          0.9456264489419375,
          0.9457449557879337,
          0.9357476665417033,
          0.9455979945209365,
          0.0,
          0.9296998498753422,
          0.9458914364592823,
          0.9459510058319226,
          0.944260173205737,
          0.9335765886060885,
          0.9461628003343224,
          0.9046116576334259,
          0.9075188926008031,
          0.9476763801490719,
          0.9459597141235195,
          0.946157733358918,
          0.9454464399487766,
          0.9438470409664895,
          0.9454228573143397,
          0.9416154552553014,
          0.9461147657496575,
          0.9436979294788097,
          0.9453618120526687,
          0.9457073375006216,
          0.9205063938088432,
          0.9350019309668552,
          0.9458325556510733,
          0.945674209093933,
          0.9459508745448431,
          0.9121250789731263
        ],
        [
          0.9338361671864468,
          1.0329794213401762,
          0.9302035040571652,
          0.9296240573971148,
          0.9310843232777785,
          0.9322156087411083,
          0.93346220753318,
          5.080651718102635,
          0.9300595875489431,
          0.9450713966625066,
          3.037986347328257,
          0.9298630402415845,
          2.114796335522289,
          0.9308281700588437,
          1.361339316593233,
          1.37031681075347,
          0.9299618027583165,
          0.9289077100366555,
          0.9309966966102721,
          0.9296998498753422,
          0.0,
          0.9316921967801696,
          0.930223833393711,
          0.9303715433867291,
          4.024210738737824,
          0.9304771483543396,
          4.987637294285856,
          4.2640114128452336,
          0.9315532245544611,
          0.9301550886033764,
          0.9310989321350626,
          0.9300150062217154,
          2.1172768585341304,
          0.931790426782104,
          0.9383457192442964,
          0.9301820962010973,
          1.0600868915122277,
          2.3389983566172443,
          1.4001447580101485,
          1.7222445617096727,
          0.9298577057972779,
          0.9315778306878464,
          0.9296288093647913,
          0.9317189934468408,
          1.4762664521547535
        ],
        [
          0.9457932976324048,
          0.9459369470384124,
          0.9460686491714089,
          0.9453595981801606,
          0.9459195994832151,
          0.9478950589339321,
          0.9485200824291264,
          1.2753644850450045,
          0.9459445472638415,
          0.9451044114835604,
          0.9377290337180247,
          0.9460380937064722,
          0.9315945077349441,
          0.9462492625971837,
          0.9452807369757177,
          0.9457372210672723,
          0.9458453900861415,
          0.9370315434850741,
          0.9457152683779799,
          0.9458914364592823,
          0.9316921967801696,
          0.0,
          0.946006196550655,
          0.9445344505764524,
          0.9350868088939533,
          0.9462119716100592,
          0.9094231915572871,
          0.9119262961328852,
          0.9475317000509227,
          0.946035525149324,
          0.9462043580003258,
          0.94546161087278,
          0.9441926895902468,
          0.9455573442610424,
          0.9421737999167419,
          0.9461707217024338,
          0.9440004024730067,
          0.9454989002181009,
          0.94581246131472,
          0.9235265229475108,
          0.9363529474692405,
          0.9458738282882065,
          0.9457842091527314,
          0.9460215617785891,
          0.9159884928933064
        ],
        [
          0.9458244537275968,
          0.9459890781435589,
          0.9461227686169912,
          0.9453341387997698,
          0.9459540822929675,
          0.9482723189768174,
          0.9490300780808565,
          0.8406381996778385,
          0.9459851303830838,
          0.9451198393237261,
          1.3141658427088352,
          0.9460900805087648,
          0.9305442494905657,
          0.9463822859655417,
          0.9452139732485587,
          0.9457766940675237,
          0.9459027356778683,
          0.936291001780842,
          0.9457267239268787,
          0.9459510058319226,
          0.930223833393711,
          0.946006196550655,
          0.0,
          0.9444428044300163,
          0.9338851344266065,
          0.94633042602455,
          0.9057737942418268,
          1.005192068462246,
          0.9478347715128127,
          0.9460862752774619,
          0.9463604620521319,
          0.9455111765008382,
          0.9440239105751992,
          0.9455486421468224,
          0.9418266518850904,
          0.9462688607401314,
          0.9438536745766677,
          0.9454765025190818,
          0.9458593657243268,
          0.9210377465869152,
          0.9353463267380576,
          0.9459141590102503,
          0.9458207830494871,
          0.9460644630643622,
          0.9127928418680243
        ],
        [
          0.9446397594416882,
          0.9443258280495738,
          0.9444793762649202,
          0.9437152335161128,
          0.94439954171532,
          0.9466012488681173,
          0.9474247930013442,
          0.8435098975415186,
          0.9443414675319379,
          0.9437950254988656,
          0.9376180204851648,
          0.9444158981205454,
          0.930461224722702,
          0.9447657211699244,
          0.9445192550782747,
          0.944099712815965,
          0.9442446424276646,
          0.9358501502391152,
          0.9441494470879893,
          0.944260173205737,
          0.9303715433867291,
          0.9445344505764524,
          0.9444428044300163,
          0.0,
          0.9338389328027672,
          0.9446732788382987,
          0.9408270682858674,
          1.3158420697937732,
          0.9461394686031673,
          0.9444431692514316,
          0.9447370825937085,
          0.943811828761503,
          0.9426331691490695,
          0.9440770552720309,
          0.9412222507529777,
          0.9445928700751018,
          0.9424147809358348,
          0.9441685603931427,
          0.9442711563267155,
          0.9222548053265601,
          0.9344025538954492,
          0.9443092247192272,
          0.9441214659590998,
          0.9445913502690549,
          0.9127058011959704
        ],
        [
          0.935798179827203,
          0.9337940082353632,
          0.9339120732102478,
          6.491791610355034,
          0.9345000098882799,
          0.9354795716617097,
          0.9363417293353763,
          2.1387537018573384,
          0.9338375097455135,
          0.9343583958677818,
          1.3827205342370557,
          0.9336973983494081,
          1.0134021278095886,
          0.9341828413998661,
          0.9402327011057222,
          0.933529026468173,
          0.9337612903730432,
          0.9312093281009255,
          1.0876627823755929,
          0.9335765886060885,
          4.024210738737824,
          0.9350868088939533,
          0.9338851344266065,
          0.9338389328027672,
          0.0,
          0.9339780514329208,
          18.30560127925679,
          0.9315754469839173,
          0.9350169840199414,
          0.9348124035728582,
          0.9344801496521068,
          0.9336885287027498,
          0.9344982394856255,
          0.9347034709273988,
          0.9370476640542489,
          0.9338299867614098,
          5.282112352911526,
          0.9358885593265739,
          0.9350154247931199,
          2.5713349002566037,
          4.13991449654282,
          0.9344751549729384,
          0.9333824857870021,
          0.9351140554933792,
          2.0883707474782547
        ],
        [
          0.9461956075830601,
          0.9462094835519351,
          0.9463526134886746,
          0.9455602167499122,
          0.9461709729254075,
          0.9485157025406193,
          0.9492705406438899,
          0.8405083642445392,
          0.9462142382123782,
          0.9455520812285899,
          0.9381315326142114,
          0.9463227272652864,
          0.9307836071894376,
          1.21844815902034,
          0.9453265633803071,
          0.9459896564208675,
          0.946120458803094,
          0.9365034034478885,
          0.9459497243057268,
          0.9461628003343224,
          0.9304771483543396,
          0.9462119716100592,
          0.94633042602455,
          0.9446732788382987,
          0.9339780514329208,
          0.0,
          0.9070038793863593,
          1.0778286362173202,
          0.9480770388950109,
          0.9463175796473778,
          0.9465908963911056,
          0.9456764973192692,
          0.9442880429089319,
          0.9457564754231467,
          0.9421201434696367,
          1.3659498762970328,
          0.9440766325830219,
          0.9456606340580308,
          0.9461354049733558,
          0.9210855530506713,
          0.9354754898286043,
          0.9460708575670367,
          0.9460454038355336,
          0.9462703790853696,
          0.912781517097028
        ],
        [
          2.345626272860539,
          0.9053296254777516,
          0.9056553532050006,
          0.9674269178635947,
          0.9075224637527486,
          0.9157403267061495,
          0.923597418678695,
          2.9488470096463617,
          0.9053877074273304,
          0.9084520409044892,
          1.5491461055732603,
          0.9048460509859835,
          1.4645115772182276,
          0.9079587311136572,
          0.9321250450415779,
          0.9046336697850332,
          0.9052608802228115,
          1.389869120910974,
          0.9386682652708019,
          0.9046116576334259,
          4.987637294285856,
          0.9094231915572871,
          0.9057737942418268,
          0.9408270682858674,
          18.30560127925679,
          0.9070038793863593,
          0.0,
          17.59398568267395,
          0.9118615230040147,
          0.9591875919904612,
          0.9143827724890755,
          0.9052017638393028,
          0.9151705211901632,
          0.9086480777427087,
          1.2716719961814256,
          0.9060687730617977,
          1.8968365156399205,
          0.9125851586007091,
          0.9873606537709635,
          26.900161244468936,
          1.4423285318388652,
          0.907644188346601,
          0.9040896360952924,
          0.9094561260520342,
          1.1341779071318199
        ],
        [
          1.7670750151530006,
          0.9084934118214297,
          0.9088136721486627,
          0.9076358672998649,
          0.9102727232729654,
          0.9565044366394194,
          0.9983135380901733,
          1.5790635238469615,
          0.908189307435403,
          2.2513293281917828,
          10.657980114253101,
          0.9077487252504377,
          5.988820380517075,
          1.2081006203488613,
          1.0743189004819986,
          0.9078844004342491,
          0.9665820441648015,
          1.3148168601359664,
          0.9094192391446779,
          0.9075188926008031,
          4.2640114128452336,
          0.9119262961328852,
          1.005192068462246,
          1.3158420697937732,
          0.9315754469839173,
          1.0778286362173202,
          17.59398568267395,
          0.0,
          0.9368642499235488,
          0.9082536872546301,
          0.9442267054285927,
          0.91121547037226,
          1.1597818557287085,
          0.9116595855378798,
          3.025985863713074,
          0.9898219798887865,
          1.0527792572572356,
