Map from character to field name
A:	Australia
B:	Austria
C:	Azerbaijan
D:	Brunei
E:	Cambodia
F:	Cameroon
G:	Central African Republic
H:	China
I:	Croatia
J:	Finland
K:	France
L:	Georgia
M:	Germany
N:	Guinea
O:	Hong Kong
P:	Hungary
Q:	Iceland
R:	India
S:	Indonesia
T:	Italy
U:	Japan
V:	Kazakhstan
W:	Latvia
X:	Madagascar
Y:	Malaysia
Z:	Mauritania
[:	Na
\:	Netherlands
]:	Niger
^:	Norway
_:	Pakistan
`:	Peru
a:	Philippines
b:	Poland
c:	Russia
d:	Senegal
e:	Singapore
f:	South Korea
g:	Spain
h:	Taiwan
i:	Thailand
j:	Tunisia
k:	United Kingdom
l:	Usa
m:	Viet Nam
n:	?


Substitution rate (mu): 11.942432

Equilibrium frequencies (pi_i):
  A: 0.0214
  B: 0.0261
  C: 0.0258
  D: 0.023
  E: 0.0243
  F: 0.0262
  G: 0.026
  H: 0.0163
  I: 0.0258
  J: 0.0246
  K: 0.0143
  L: 0.0263
  M: 0.0187
  N: 0.0256
  O: 0.0128
  P: 0.0259
  Q: 0.0259
  R: 0.0261
  S: 0.0258
  T: 0.0263
  U: 0.0134
  V: 0.025
  W: 0.0259
  X: 0.0257
  Y: 0.0118
  Z: 0.026
  [: 0.0149
  \: 0.0096
  ]: 0.0262
  ^: 0.026
  _: 0.026
  `: 0.0258
  a: 0.0237
  b: 0.0235
  c: 0.0156
  d: 0.0262
  e: 0.0243
  f: 0.0232
  g: 0.026
  h: 0.0071
  i: 0.0184
  j: 0.0253
  k: 0.026
  l: 0.0231
  m: 0.0141

Symmetrized rates from j->i (W_ij):
	A	B	C	D	E	F	G	H	I	J	K	L	M	N	O	P	Q	R	S	T	U	V	W	X	Y	Z	[	\	]	^	_	`	a	b	c	d	e	f	g	h	i	j	k	l	m
  A	0	0.9439	0.9441	0.9433	0.944	0.9464	0.9475	0.859	0.9439	0.9434	0.9372	0.944	0.9314	0.9444	0.9434	0.9438	0.9439	0.9391	0.9436	0.9439	0.9414	0.944	0.944	0.946	0.9337	0.9443	2.8478	1.4138	0.9459	0.9441	0.9449	0.9435	0.9424	0.9436	0.941	0.9443	0.9423	0.9436	0.944	0.925	0.9349	0.9438	0.9438	0.944	0.9172
  B	0.9439	0	0.9444	0.9432	0.9441	0.9466	0.9475	0.8422	0.9441	0.9434	1.3977	0.9442	1.799	0.9445	0.9438	0.9441	0.9441	0.9365	0.9437	0.9441	1.016	0.9442	0.9442	0.9449	0.9312	0.9444	0.9044	0.9197	0.9461	0.9442	0.9447	0.9437	0.9421	0.9437	0.9404	0.9444	0.942	0.9437	0.9441	0.9206	0.9336	0.9441	0.9439	0.9442	0.9114
  C	0.9441	0.9444	0	0.9434	0.9443	0.9469	0.948	0.8433	0.9443	0.9437	0.9363	0.9444	1.2665	0.9446	0.9434	0.9443	0.9442	1.1229	0.9439	0.9443	0.9297	0.9444	0.9443	0.9453	0.9314	0.9446	0.905	0.9178	0.9464	0.9444	0.9452	0.9438	0.9423	0.9441	0.9407	0.9445	0.9422	0.9438	0.9442	0.9209	0.9331	0.9443	0.9441	0.9443	0.9118
  D	0.9433	0.9432	0.9434	0	0.9433	0.9456	0.9464	0.8525	0.9432	0.9427	0.9362	0.9433	0.9299	0.9436	0.943	0.9431	0.9432	0.9367	0.943	0.9432	0.9306	0.9433	0.9433	0.9442	6.0536	0.9435	1.3628	0.9198	0.9451	0.9434	0.9439	0.9428	0.9416	0.9429	0.9403	0.9435	1.4358	0.9429	0.9432	0.9231	0.9339	0.9431	0.9431	0.9434	0.9147
  E	0.944	0.9441	0.9443	0.9433	0	0.9464	0.9472	0.8484	0.9441	0.9434	0.9364	0.9442	0.9298	0.9444	0.9433	0.944	0.9441	0.9368	0.9437	0.9441	0.9305	0.9442	0.9442	0.9448	0.9321	0.9444	0.907	0.9189	0.9459	0.9442	0.9447	0.9439	0.9423	0.9437	0.9407	0.9444	0.9421	0.9437	0.944	0.9222	0.9336	0.944	0.944	0.9442	2.2845
  F	0.9464	0.9466	0.9469	0.9456	0.9464	0	1.1697	0.8433	0.9466	0.9466	0.9397	0.9467	0.933	0.9471	0.9446	0.9465	0.9466	1.0055	0.9462	0.9466	0.9317	0.9465	0.9467	0.9612	0.9333	0.947	0.9166	0.9412	1.3049	0.9467	0.9554	0.946	0.9444	0.946	0.9424	0.9469	0.9446	0.9458	0.9466	0.9222	0.9347	0.9464	0.9465	0.9464	0.9126
  G	0.9475	0.9475	0.948	0.9464	0.9472	1.1697	0	0.8446	0.9474	0.948	0.9422	0.9476	0.9355	0.9481	0.9451	0.9474	0.9475	1.0604	0.9471	0.9475	0.9331	0.9474	0.9477	0.9741	0.9345	0.9479	0.9262	0.9625	1.0943	0.9476	0.9633	0.9469	0.9453	0.9468	0.9433	0.9478	0.9456	0.9466	0.9476	0.9233	0.9356	0.9473	0.9475	0.9472	0.9134
  H	0.859	0.8422	0.8433	0.8525	0.8484	0.8433	0.8446	0	0.843	0.8473	1.4378	0.8413	2.5885	0.8438	5.7683	0.8428	0.8426	0.84	0.8428	0.8413	4.9912	0.993	0.8428	0.8454	1.8751	0.8426	3.5438	1.5756	0.8427	0.8427	0.8431	0.8431	1.0617	1.2766	3.9469	0.8419	0.8478	1.2959	0.8429	6.461	2.4662	0.9153	0.8422	1.2789	4.2449
  I	0.9439	0.9441	0.9443	0.9432	0.9441	0.9466	0.9474	0.843	0	0.9434	0.9357	0.9442	1.3933	0.9445	0.9433	0.9441	0.9441	0.9365	0.9437	0.9441	0.9296	0.9442	0.9442	0.9449	0.9313	0.9444	0.9047	0.9171	0.946	0.9442	0.9447	0.9436	0.9421	0.9437	0.9405	0.9444	0.942	0.9436	0.944	0.9208	0.933	0.944	0.9439	0.9442	0.9117
  J	0.9434	0.9434	0.9437	0.9427	0.9434	0.9466	0.948	0.8473	0.9434	0	1.7291	1.413	1.363	0.9443	0.9431	0.9433	1.3635	0.9388	0.943	0.9434	0.9453	0.9435	0.9436	0.9465	0.9511	0.9441	0.9133	2.5771	0.9458	0.9435	0.9447	0.9432	0.9418	0.9431	0.9465	0.9439	0.9416	0.9431	0.9466	0.9219	0.9332	0.9434	0.9542	0.9436	1.3699
  K	0.9372	1.3977	0.9363	0.9362	0.9364	0.9397	0.9422	1.4378	0.9357	1.7291	0	0.9371	7.7489	0.9376	1.0002	0.9365	1.3236	1.005	0.9354	1.8699	3.1727	0.936	1.3211	0.9449	1.8354	0.9372	1.7902	11.6644	0.9385	0.9359	0.9383	1.3393	0.9371	0.9368	2.1728	0.9367	0.9955	0.9364	1.304	0.966	2.7926	1.8386	1.679	0.9366	1.3001
  L	0.944	0.9442	0.9444	0.9433	0.9442	0.9467	0.9476	0.8413	0.9442	1.413	0.9371	0	0.9287	0.9446	0.9433	0.9441	0.9442	0.9363	0.9438	0.9442	0.9292	0.9443	0.9443	0.945	0.9311	0.9445	0.904	0.9179	0.9462	0.9443	0.9448	0.9437	0.9422	0.9438	0.9404	0.9445	0.9421	0.9437	0.9441	0.9204	0.9328	0.9441	0.944	0.9443	0.9111
  M	0.9314	1.799	1.2665	0.9299	0.9298	0.933	0.9355	2.5885	1.3933	1.363	7.7489	0.9287	0	0.9302	0.9438	1.8573	0.9293	1.7165	0.9286	0.9296	2.2051	0.9295	0.9294	0.9365	1.0027	0.9298	0.9291	5.1628	0.9317	0.929	0.9321	0.9311	0.9297	2.7976	1.9014	0.9294	0.9288	0.9301	1.3134	0.9234	1.4051	2.3438	0.9431	0.9305	0.9165
  N	0.9444	0.9445	0.9446	0.9436	0.9444	0.9471	0.9481	0.8438	0.9445	0.9443	0.9376	0.9446	0.9302	0	0.9435	0.9444	0.9445	0.9373	0.9441	0.9445	0.9303	0.9446	0.9446	0.9457	0.9316	1.2206	0.9069	1.2165	0.9465	0.9446	0.9452	0.944	0.9426	0.944	0.9409	1.0906	0.9424	0.944	0.9445	0.9211	0.9333	0.9443	0.9444	0.9445	0.9121
  O	0.9434	0.9438	0.9434	0.943	0.9433	0.9446	0.9451	5.7683	0.9433	0.9431	1.0002	0.9433	0.9438	0.9435	0	0.9432	0.9433	0.9397	0.9431	0.9433	1.4001	0.9435	0.9433	0.9439	0.9376	0.9435	0.9255	1.1215	0.9443	0.9434	0.9437	0.9431	0.9427	0.9432	0.942	0.9434	1.4011	0.9432	0.9433	0.9808	1.1144	0.9434	0.9432	0.9434	0.9278
  P	0.9438	0.9441	0.9443	0.9431	0.944	0.9465	0.9474	0.8428	0.9441	0.9433	0.9365	0.9441	1.8573	0.9444	0.9432	0	0.944	0.9364	0.9436	0.944	0.9296	0.9441	0.9441	0.9448	0.9312	0.9443	0.9046	0.9171	0.946	0.9441	0.9446	0.9435	0.942	0.9436	0.9404	0.9443	0.9419	0.9435	0.9439	0.9207	0.9329	0.9439	0.9438	0.9441	0.9115
  Q	0.9439	0.9441	0.9442	0.9432	0.9441	0.9466	0.9475	0.8426	0.9441	1.3635	1.3236	0.9442	0.9293	0.9445	0.9433	0.944	0	0.9364	0.9437	0.9441	0.9295	0.9442	0.9442	0.945	0.9313	0.9444	0.9046	0.9717	0.9461	0.9442	0.9447	0.9437	0.9421	0.9437	0.9405	0.9444	0.942	0.9436	0.944	0.9207	0.933	0.944	0.944	0.9442	0.9116
  R	0.9391	0.9365	1.1229	0.9367	0.9368	1.0055	1.0604	0.84	0.9365	0.9388	1.005	0.9363	1.7165	0.9373	0.9397	0.9364	0.9364	0	0.936	0.9363	0.9293	0.9366	0.9367	1.0299	0.9311	0.9369	1.4057	1.0776	0.9792	0.9365	1.3166	0.9359	0.9355	0.937	0.9374	0.9367	0.9356	0.9367	0.9368	0.9222	0.9283	0.9367	0.9365	0.9373	0.9079
  S	0.9436	0.9437	0.9439	0.943	0.9437	0.9462	0.9471	0.8428	0.9437	0.943	0.9354	0.9438	0.9286	0.9441	0.9431	0.9436	0.9437	0.936	0	0.9437	0.9293	0.9438	0.9438	0.9445	1.8479	0.944	0.9067	0.9169	0.9457	0.9438	0.9443	0.9432	0.9418	0.9433	0.9402	0.944	0.9418	0.9433	0.9436	1.396	0.9328	0.9436	0.9435	0.9438	0.9119
  T	0.9439	0.9441	0.9443	0.9432	0.9441	0.9466	0.9475	0.8413	0.9441	0.9434	1.8699	0.9442	0.9296	0.9445	0.9433	0.944	0.9441	0.9363	0.9437	0	0.9292	0.9442	0.9442	0.9449	0.9311	0.9444	0.904	0.9167	0.9461	0.9442	0.9448	0.9438	0.9421	0.9437	0.9411	0.9444	0.942	0.9436	0.944	0.9204	0.9328	0.944	0.9439	0.9442	0.9112
  U	0.9414	1.016	0.9297	0.9306	0.9305	0.9317	0.9331	4.9912	0.9296	0.9453	3.1727	0.9292	2.2051	0.9303	1.4001	0.9296	0.9295	0.9293	0.9293	0.9292	0	0.93	0.9296	0.9334	2.8006	0.93	4.537	4.7059	0.931	0.9296	0.9307	0.9297	2.1014	0.9313	0.9378	0.9297	1.3939	2.3401	1.3988	1.6464	0.9291	1.1029	0.9295	0.9311	1.9526
  V	0.944	0.9442	0.9444	0.9433	0.9442	0.9465	0.9474	0.993	0.9442	0.9435	0.936	0.9443	0.9295	0.9446	0.9435	0.9441	0.9442	0.9366	0.9438	0.9442	0.93	0	0.9443	0.9449	0.9318	0.9445	0.9061	0.9179	0.9461	0.9443	0.9448	0.9437	0.9423	0.9438	1.2714	0.9445	0.9422	0.9438	0.9441	0.9216	0.9334	0.9441	0.944	0.9443	0.9127
  W	0.944	0.9442	0.9443	0.9433	0.9442	0.9467	0.9477	0.8428	0.9442	0.9436	1.3211	0.9443	0.9294	0.9446	0.9433	0.9441	0.9442	0.9367	0.9438	0.9442	0.9296	0.9443	0	0.9452	0.9313	0.9445	0.9049	1.0044	0.9462	0.9443	0.9449	0.9437	0.9422	0.9438	0.9405	0.9445	0.9421	0.9437	0.9441	0.9208	0.933	0.9441	0.944	0.9443	0.9117
  X	0.946	0.9449	0.9453	0.9442	0.9448	0.9612	0.9741	0.8454	0.9449	0.9465	0.9449	0.945	0.9365	0.9457	0.9439	0.9448	0.945	1.0299	0.9445	0.9449	0.9334	0.9449	0.9452	0	0.9347	0.9455	0.9724	1.1024	0.9551	0.945	0.9555	0.9444	0.9433	0.9445	0.9422	0.9453	0.9435	0.9444	0.9452	0.9245	0.9341	0.9447	0.945	0.9449	0.9126
  Y	0.9337	0.9312	0.9314	6.0536	0.9321	0.9333	0.9345	1.8751	0.9313	0.9511	1.8354	0.9311	1.0027	0.9316	0.9376	0.9312	0.9313	0.9311	1.8479	0.9311	2.8006	0.9318	0.9313	0.9347	0	0.9314	18.3836	0.9349	0.9326	0.9325	0.9324	0.9321	0.9317	0.9323	0.9349	0.9313	5.3289	0.9324	0.9327	2.8569	5.1126	0.9317	0.9311	0.9327	1.9262
  Z	0.9443	0.9444	0.9446	0.9435	0.9444	0.947	0.9479	0.8426	0.9444	0.9441	0.9372	0.9445	0.9298	1.2206	0.9435	0.9443	0.9444	0.9369	0.944	0.9444	0.93	0.9445	0.9445	0.9455	0.9314	0	0.906	1.0845	0.9465	0.9445	0.9451	0.9439	0.9425	0.944	0.9408	1.3593	0.9424	0.9439	0.9444	0.9208	0.9332	0.9443	0.9443	0.9445	0.9117
  [	2.8478	0.9044	0.905	1.3628	0.907	0.9166	0.9262	3.5438	0.9047	0.9133	1.7902	0.904	0.9291	0.9069	0.9255	0.9046	0.9046	1.4057	0.9067	0.904	4.537	0.9061	0.9049	0.9724	18.3836	0.906	0	15.6973	0.9119	0.9584	0.9148	0.9047	0.9122	0.908	1.6422	0.9053	1.8306	0.9085	0.9849	26.342	1.5063	0.9059	0.9043	0.9088	1.1884
  \	1.4138	0.9197	0.9178	0.9198	0.9189	0.9412	0.9625	1.5756	0.9171	2.5771	11.6644	0.9179	5.1628	1.2165	1.1215	0.9171	0.9717	1.0776	0.9169	0.9167	4.7059	0.9179	1.0044	1.1024	0.9349	1.0845	15.6973	0	0.9312	0.9173	0.9349	0.9185	1.1789	0.9198	2.1828	0.9989	1.1052	0.92	1.0827	1.4125	1.0602	0.9187	1.0849	0.9199	1.3054
  ]	0.9459	0.9461	0.9464	0.9451	0.9459	1.3049	1.0943	0.8427	0.946	0.9458	0.9385	0.9462	0.9317	0.9465	0.9443	0.946	0.9461	0.9792	0.9457	0.9461	0.931	0.9461	0.9462	0.9551	0.9326	0.9465	0.9119	0.9312	0	0.9462	0.9516	0.9455	0.9439	0.9455	0.9419	0.9464	0.944	0.9454	0.9461	0.9216	0.9343	0.9459	0.946	0.9459	0.9122
  ^	0.9441	0.9442	0.9444	0.9434	0.9442	0.9467	0.9476	0.8427	0.9442	0.9435	0.9359	0.9443	0.929	0.9446	0.9434	0.9441	0.9442	0.9365	0.9438	0.9442	0.9296	0.9443	0.9443	0.945	0.9325	0.9445	0.9584	0.9173	0.9462	0	0.9449	0.9437	0.9422	0.9438	0.9405	0.9445	0.9423	0.9437	1.2214	0.9211	1.176	0.9441	0.9441	0.9443	0.9117
  _	0.9449	0.9447	0.9452	0.9439	0.9447	0.9554	0.9633	0.8431	0.9447	0.9447	0.9383	0.9448	0.9321	0.9452	0.9437	0.9446	0.9447	1.3166	0.9443	0.9448	0.9307	0.9448	0.9449	0.9555	0.9324	0.9451	0.9148	0.9349	0.9516	0.9449	0	0.9442	0.9428	0.9443	0.9412	0.9451	0.9428	0.9442	0.9448	0.9217	0.9335	0.9446	0.9447	0.9448	0.9119
  `	0.9435	0.9437	0.9438	0.9428	0.9439	0.946	0.9469	0.8431	0.9436	0.9432	1.3393	0.9437	0.9311	0.944	0.9431	0.9435	0.9437	0.9359	0.9432	0.9438	0.9297	0.9437	0.9437	0.9444	0.9321	0.9439	0.9047	0.9185	0.9455	0.9437	0.9442	0	0.9417	0.9432	0.9403	0.9439	0.9416	0.9432	0.9436	0.9208	0.9384	0.9437	0.9436	0.9437	1.0228
  a	0.9424	0.9421	0.9423	0.9416	0.9423	0.9444	0.9453	1.0617	0.9421	0.9418	0.9371	0.9422	0.9297	0.9426	0.9427	0.942	0.9421	0.9355	0.9418	0.9421	2.1014	0.9423	0.9422	0.9433	0.9317	0.9425	0.9122	1.1789	0.9439	0.9422	0.9428	0.9417	0	0.942	0.9398	0.9424	0.9404	0.9422	0.9421	0.9224	0.9326	0.9422	0.942	0.9425	0.9139
  b	0.9436	0.9437	0.9441	0.9429	0.9437	0.946	0.9468	1.2766	0.9437	0.9431	0.9368	0.9438	2.7976	0.944	0.9432	0.9436	0.9437	0.937	0.9433	0.9437	0.9313	0.9438	0.9438	0.9445	0.9323	0.944	0.908	0.9198	0.9455	0.9438	0.9443	0.9432	0.942	0	0.9406	0.9439	0.9418	0.9433	0.9436	0.9228	0.9337	0.9436	0.9435	0.9438	0.9143
  c	0.941	0.9404	0.9407	0.9403	0.9407	0.9424	0.9433	3.9469	0.9405	0.9465	2.1728	0.9404	1.9014	0.9409	0.942	0.9404	0.9405	0.9374	0.9402	0.9411	0.9378	1.2714	0.9405	0.9422	0.9349	0.9408	1.6422	2.1828	0.9419	0.9405	0.9412	0.9403	0.9398	0.9406	0	0.9407	0.9395	0.9406	0.9435	0.9292	0.935	0.9407	0.9406	0.9409	0.9229
  d	0.9443	0.9444	0.9445	0.9435	0.9444	0.9469	0.9478	0.8419	0.9444	0.9439	0.9367	0.9445	0.9294	1.0906	0.9434	0.9443	0.9444	0.9367	0.944	0.9444	0.9297	0.9445	0.9445	0.9453	0.9313	1.3593	0.9053	0.9989	0.9464	0.9445	0.9451	0.9439	0.9424	0.9439	0.9407	0	0.9423	0.9439	0.9443	0.9206	0.933	0.9442	0.9442	0.9445	0.9114
  e	0.9423	0.942	0.9422	1.4358	0.9421	0.9446	0.9456	0.8478	0.942	0.9416	0.9955	0.9421	0.9288	0.9424	1.4011	0.9419	0.942	0.9356	0.9418	0.942	1.3939	0.9422	0.9421	0.9435	5.3289	0.9424	1.8306	1.1052	0.944	0.9423	0.9428	0.9416	0.9404	0.9418	0.9395	0.9423	0	0.9418	0.9422	1.5248	1.9345	0.942	0.9419	0.9423	1.3696
  f	0.9436	0.9437	0.9438	0.9429	0.9437	0.9458	0.9466	1.2959	0.9436	0.9431	0.9364	0.9437	0.9301	0.944	0.9432	0.9435	0.9436	0.9367	0.9433	0.9436	2.3401	0.9438	0.9437	0.9444	0.9324	0.9439	0.9085	0.92	0.9454	0.9437	0.9442	0.9432	0.9422	0.9433	0.9406	0.9439	0.9418	0	0.9436	0.923	0.9338	0.9436	0.9435	0.9438	0.9148
  g	0.944	0.9441	0.9442	0.9432	0.944	0.9466	0.9476	0.8429	0.944	0.9466	1.304	0.9441	1.3134	0.9445	0.9433	0.9439	0.944	0.9368	0.9436	0.944	1.3988	0.9441	0.9441	0.9452	0.9327	0.9444	0.9849	1.0827	0.9461	1.2214	0.9448	0.9436	0.9421	0.9436	0.9435	0.9443	0.9422	0.9436	0	0.9211	1.3149	0.944	0.9439	0.9441	0.9119
  h	0.925	0.9206	0.9209	0.9231	0.9222	0.9222	0.9233	6.461	0.9208	0.9219	0.966	0.9204	0.9234	0.9211	0.9808	0.9207	0.9207	0.9222	1.396	0.9204	1.6464	0.9216	0.9208	0.9245	2.8569	0.9208	26.342	1.4125	0.9216	0.9211	0.9217	0.9208	0.9224	0.9228	0.9292	0.9206	1.5248	0.923	0.9211	0	1.3896	0.9213	0.9206	0.9232	3.644
  i	0.9349	0.9336	0.9331	0.9339	0.9336	0.9347	0.9356	2.4662	0.933	0.9332	2.7926	0.9328	1.4051	0.9333	1.1144	0.9329	0.933	0.9283	0.9328	0.9328	0.9291	0.9334	0.933	0.9341	5.1126	0.9332	1.5063	1.0602	0.9343	1.176	0.9335	0.9384	0.9326	0.9337	0.935	0.933	1.9345	0.9338	1.3149	1.3896	0	0.9333	0.9328	0.9342	3.1646
  j	0.9438	0.9441	0.9443	0.9431	0.944	0.9464	0.9473	0.9153	0.944	0.9434	1.8386	0.9441	2.3438	0.9443	0.9434	0.9439	0.944	0.9367	0.9436	0.944	1.1029	0.9441	0.9441	0.9447	0.9317	0.9443	0.9059	0.9187	0.9459	0.9441	0.9446	0.9437	0.9422	0.9436	0.9407	0.9442	0.942	0.9436	0.944	0.9213	0.9333	0	0.9439	0.9441	0.9125
  k	0.9438	0.9439	0.9441	0.9431	0.944	0.9465	0.9475	0.8422	0.9439	0.9542	1.679	0.944	0.9431	0.9444	0.9432	0.9438	0.944	0.9365	0.9435	0.9439	0.9295	0.944	0.944	0.945	0.9311	0.9443	0.9043	1.0849	0.946	0.9441	0.9447	0.9436	0.942	0.9435	0.9406	0.9442	0.9419	0.9435	0.9439	0.9206	0.9328	0.9439	0	0.9441	0.9114
  l	0.944	0.9442	0.9443	0.9434	0.9442	0.9464	0.9472	1.2789	0.9442	0.9436	0.9366	0.9443	0.9305	0.9445	0.9434	0.9441	0.9442	0.9373	0.9438	0.9442	0.9311	0.9443	0.9443	0.9449	0.9327	0.9445	0.9088	0.9199	0.9459	0.9443	0.9448	0.9437	0.9425	0.9438	0.9409	0.9445	0.9423	0.9438	0.9441	0.9232	0.9342	0.9441	0.9441	0	0.915
  m	0.9172	0.9114	0.9118	0.9147	2.2845	0.9126	0.9134	4.2449	0.9117	1.3699	1.3001	0.9111	0.9165	0.9121	0.9278	0.9115	0.9116	0.9079	0.9119	0.9112	1.9526	0.9127	0.9117	0.9126	1.9262	0.9117	1.1884	1.3054	0.9122	0.9117	0.9119	1.0228	0.9139	0.9143	0.9229	0.9114	1.3696	0.9148	0.9119	3.644	3.1646	0.9125	0.9114	0.915	0

Actual rates from j->i (Q_ij):
	A	B	C	D	E	F	G	H	I	J	K	L	M	N	O	P	Q	R	S	T	U	V	W	X	Y	Z	[	\	]	^	_	`	a	b	c	d	e	f	g	h	i	j	k	l	m
  A	0	0.0202	0.0202	0.0202	0.0202	0.0202	0.0203	0.0184	0.0202	0.0202	0.02	0.0202	0.0199	0.0202	0.0202	0.0202	0.0202	0.0201	0.0202	0.0202	0.0201	0.0202	0.0202	0.0202	0.02	0.0202	0.0609	0.0302	0.0202	0.0202	0.0202	0.0202	0.0202	0.0202	0.0201	0.0202	0.0202	0.0202	0.0202	0.0198	0.02	0.0202	0.0202	0.0202	0.0196
  B	0.0246	0	0.0246	0.0246	0.0246	0.0247	0.0247	0.022	0.0246	0.0246	0.0365	0.0246	0.047	0.0246	0.0246	0.0246	0.0246	0.0244	0.0246	0.0246	0.0265	0.0246	0.0246	0.0247	0.0243	0.0246	0.0236	0.024	0.0247	0.0246	0.0247	0.0246	0.0246	0.0246	0.0245	0.0246	0.0246	0.0246	0.0246	0.024	0.0244	0.0246	0.0246	0.0246	0.0238
  C	0.0243	0.0243	0	0.0243	0.0243	0.0244	0.0244	0.0217	0.0243	0.0243	0.0241	0.0243	0.0327	0.0244	0.0243	0.0243	0.0243	0.029	0.0243	0.0243	0.024	0.0243	0.0243	0.0244	0.024	0.0244	0.0233	0.0237	0.0244	0.0243	0.0244	0.0243	0.0243	0.0243	0.0243	0.0244	0.0243	0.0243	0.0243	0.0237	0.0241	0.0243	0.0243	0.0243	0.0235
  D	0.0217	0.0217	0.0217	0	0.0217	0.0218	0.0218	0.0196	0.0217	0.0217	0.0216	0.0217	0.0214	0.0217	0.0217	0.0217	0.0217	0.0216	0.0217	0.0217	0.0214	0.0217	0.0217	0.0217	0.1394	0.0217	0.0314	0.0212	0.0218	0.0217	0.0217	0.0217	0.0217	0.0217	0.0217	0.0217	0.0331	0.0217	0.0217	0.0213	0.0215	0.0217	0.0217	0.0217	0.0211
  E	0.0229	0.0229	0.0229	0.0229	0	0.023	0.023	0.0206	0.0229	0.0229	0.0227	0.0229	0.0226	0.0229	0.0229	0.0229	0.0229	0.0228	0.0229	0.0229	0.0226	0.0229	0.0229	0.0229	0.0226	0.0229	0.022	0.0223	0.023	0.0229	0.0229	0.0229	0.0229	0.0229	0.0228	0.0229	0.0229	0.0229	0.0229	0.0224	0.0227	0.0229	0.0229	0.0229	0.0555
  F	0.0248	0.0248	0.0248	0.0248	0.0248	0	0.0306	0.0221	0.0248	0.0248	0.0246	0.0248	0.0244	0.0248	0.0247	0.0248	0.0248	0.0263	0.0248	0.0248	0.0244	0.0248	0.0248	0.0252	0.0244	0.0248	0.024	0.0246	0.0342	0.0248	0.025	0.0248	0.0247	0.0248	0.0247	0.0248	0.0247	0.0248	0.0248	0.0241	0.0245	0.0248	0.0248	0.0248	0.0239
  G	0.0247	0.0247	0.0247	0.0246	0.0247	0.0304	0	0.022	0.0247	0.0247	0.0245	0.0247	0.0244	0.0247	0.0246	0.0247	0.0247	0.0276	0.0247	0.0247	0.0243	0.0247	0.0247	0.0254	0.0243	0.0247	0.0241	0.0251	0.0285	0.0247	0.0251	0.0246	0.0246	0.0246	0.0246	0.0247	0.0246	0.0246	0.0247	0.024	0.0244	0.0247	0.0247	0.0247	0.0238
  H	0.014	0.0137	0.0138	0.0139	0.0138	0.0138	0.0138	0	0.0138	0.0138	0.0235	0.0137	0.0423	0.0138	0.0942	0.0138	0.0138	0.0137	0.0138	0.0137	0.0815	0.0162	0.0138	0.0138	0.0306	0.0138	0.0578	0.0257	0.0138	0.0138	0.0138	0.0138	0.0173	0.0208	0.0644	0.0137	0.0138	0.0212	0.0138	0.1055	0.0403	0.0149	0.0137	0.0209	0.0693
  I	0.0244	0.0244	0.0244	0.0243	0.0244	0.0244	0.0245	0.0218	0	0.0243	0.0241	0.0244	0.036	0.0244	0.0243	0.0244	0.0244	0.0242	0.0244	0.0244	0.024	0.0244	0.0244	0.0244	0.024	0.0244	0.0233	0.0237	0.0244	0.0244	0.0244	0.0244	0.0243	0.0244	0.0243	0.0244	0.0243	0.0244	0.0244	0.0238	0.0241	0.0244	0.0244	0.0244	0.0235
  J	0.0232	0.0232	0.0232	0.0232	0.0232	0.0233	0.0233	0.0209	0.0232	0	0.0426	0.0348	0.0335	0.0232	0.0232	0.0232	0.0336	0.0231	0.0232	0.0232	0.0233	0.0232	0.0232	0.0233	0.0234	0.0232	0.0225	0.0634	0.0233	0.0232	0.0233	0.0232	0.0232	0.0232	0.0233	0.0232	0.0232	0.0232	0.0233	0.0227	0.023	0.0232	0.0235	0.0232	0.0337
  K	0.0134	0.02	0.0134	0.0134	0.0134	0.0134	0.0135	0.0205	0.0134	0.0247	0	0.0134	0.1107	0.0134	0.0143	0.0134	0.0189	0.0144	0.0134	0.0267	0.0453	0.0134	0.0189	0.0135	0.0262	0.0134	0.0256	0.1667	0.0134	0.0134	0.0134	0.0191	0.0134	0.0134	0.031	0.0134	0.0142	0.0134	0.0186	0.0138	0.0399	0.0263	0.024	0.0134	0.0186
  L	0.0248	0.0248	0.0249	0.0248	0.0248	0.0249	0.0249	0.0221	0.0248	0.0372	0.0247	0	0.0244	0.0249	0.0248	0.0248	0.0248	0.0246	0.0248	0.0248	0.0245	0.0249	0.0249	0.0249	0.0245	0.0249	0.0238	0.0242	0.0249	0.0249	0.0249	0.0248	0.0248	0.0248	0.0248	0.0249	0.0248	0.0248	0.0248	0.0242	0.0245	0.0248	0.0248	0.0249	0.024
  M	0.0174	0.0337	0.0237	0.0174	0.0174	0.0175	0.0175	0.0484	0.0261	0.0255	0.145	0.0174	0	0.0174	0.0177	0.0347	0.0174	0.0321	0.0174	0.0174	0.0413	0.0174	0.0174	0.0175	0.0188	0.0174	0.0174	0.0966	0.0174	0.0174	0.0174	0.0174	0.0174	0.0523	0.0356	0.0174	0.0174	0.0174	0.0246	0.0173	0.0263	0.0439	0.0176	0.0174	0.0171
  N	0.0242	0.0242	0.0242	0.0242	0.0242	0.0243	0.0243	0.0216	0.0242	0.0242	0.024	0.0242	0.0239	0	0.0242	0.0242	0.0242	0.024	0.0242	0.0242	0.0239	0.0242	0.0242	0.0243	0.0239	0.0313	0.0233	0.0312	0.0243	0.0242	0.0242	0.0242	0.0242	0.0242	0.0241	0.028	0.0242	0.0242	0.0242	0.0236	0.0239	0.0242	0.0242	0.0242	0.0234
  O	0.0121	0.0121	0.0121	0.0121	0.0121	0.0121	0.0121	0.0738	0.0121	0.0121	0.0128	0.0121	0.0121	0.0121	0	0.0121	0.0121	0.012	0.0121	0.0121	0.0179	0.0121	0.0121	0.0121	0.012	0.0121	0.0118	0.0143	0.0121	0.0121	0.0121	0.0121	0.0121	0.0121	0.012	0.0121	0.0179	0.0121	0.0121	0.0125	0.0142	0.0121	0.0121	0.0121	0.0119
  P	0.0244	0.0244	0.0244	0.0244	0.0244	0.0245	0.0245	0.0218	0.0244	0.0244	0.0242	0.0244	0.048	0.0244	0.0244	0	0.0244	0.0242	0.0244	0.0244	0.024	0.0244	0.0244	0.0244	0.0241	0.0244	0.0234	0.0237	0.0245	0.0244	0.0244	0.0244	0.0244	0.0244	0.0243	0.0244	0.0244	0.0244	0.0244	0.0238	0.0241	0.0244	0.0244	0.0244	0.0236
  Q	0.0245	0.0245	0.0245	0.0245	0.0245	0.0246	0.0246	0.0219	0.0245	0.0354	0.0343	0.0245	0.0241	0.0245	0.0245	0.0245	0	0.0243	0.0245	0.0245	0.0241	0.0245	0.0245	0.0245	0.0242	0.0245	0.0235	0.0252	0.0245	0.0245	0.0245	0.0245	0.0244	0.0245	0.0244	0.0245	0.0244	0.0245	0.0245	0.0239	0.0242	0.0245	0.0245	0.0245	0.0236
  R	0.0245	0.0244	0.0293	0.0244	0.0244	0.0262	0.0276	0.0219	0.0244	0.0245	0.0262	0.0244	0.0447	0.0244	0.0245	0.0244	0.0244	0	0.0244	0.0244	0.0242	0.0244	0.0244	0.0268	0.0243	0.0244	0.0366	0.0281	0.0255	0.0244	0.0343	0.0244	0.0244	0.0244	0.0244	0.0244	0.0244	0.0244	0.0244	0.024	0.0242	0.0244	0.0244	0.0244	0.0237
  S	0.0244	0.0244	0.0244	0.0244	0.0244	0.0245	0.0245	0.0218	0.0244	0.0244	0.0242	0.0244	0.024	0.0244	0.0244	0.0244	0.0244	0.0242	0	0.0244	0.024	0.0244	0.0244	0.0244	0.0478	0.0244	0.0234	0.0237	0.0244	0.0244	0.0244	0.0244	0.0243	0.0244	0.0243	0.0244	0.0243	0.0244	0.0244	0.0361	0.0241	0.0244	0.0244	0.0244	0.0236
  T	0.0248	0.0248	0.0248	0.0248	0.0248	0.0249	0.0249	0.0221	0.0248	0.0248	0.0492	0.0248	0.0245	0.0249	0.0248	0.0248	0.0248	0.0246	0.0248	0	0.0245	0.0248	0.0248	0.0249	0.0245	0.0249	0.0238	0.0241	0.0249	0.0248	0.0249	0.0248	0.0248	0.0248	0.0248	0.0249	0.0248	0.0248	0.0248	0.0242	0.0245	0.0248	0.0248	0.0248	0.024
  U	0.0126	0.0136	0.0125	0.0125	0.0125	0.0125	0.0125	0.067	0.0125	0.0127	0.0426	0.0125	0.0296	0.0125	0.0188	0.0125	0.0125	0.0125	0.0125	0.0125	0	0.0125	0.0125	0.0125	0.0376	0.0125	0.0609	0.0632	0.0125	0.0125	0.0125	0.0125	0.0282	0.0125	0.0126	0.0125	0.0187	0.0314	0.0188	0.0221	0.0125	0.0148	0.0125	0.0125	0.0262
  V	0.0236	0.0237	0.0237	0.0236	0.0237	0.0237	0.0237	0.0249	0.0237	0.0236	0.0234	0.0237	0.0233	0.0237	0.0236	0.0236	0.0237	0.0235	0.0236	0.0237	0.0233	0	0.0237	0.0237	0.0233	0.0237	0.0227	0.023	0.0237	0.0237	0.0237	0.0236	0.0236	0.0236	0.0318	0.0237	0.0236	0.0236	0.0236	0.0231	0.0234	0.0236	0.0236	0.0237	0.0229
  W	0.0244	0.0244	0.0244	0.0244	0.0244	0.0245	0.0245	0.0218	0.0244	0.0244	0.0342	0.0244	0.0241	0.0244	0.0244	0.0244	0.0244	0.0242	0.0244	0.0244	0.0241	0.0244	0	0.0245	0.0241	0.0244	0.0234	0.026	0.0245	0.0244	0.0245	0.0244	0.0244	0.0244	0.0243	0.0244	0.0244	0.0244	0.0244	0.0238	0.0241	0.0244	0.0244	0.0244	0.0236
  X	0.0243	0.0243	0.0243	0.0243	0.0243	0.0247	0.025	0.0217	0.0243	0.0243	0.0243	0.0243	0.0241	0.0243	0.0243	0.0243	0.0243	0.0265	0.0243	0.0243	0.024	0.0243	0.0243	0	0.024	0.0243	0.025	0.0283	0.0245	0.0243	0.0246	0.0243	0.0242	0.0243	0.0242	0.0243	0.0242	0.0243	0.0243	0.0238	0.024	0.0243	0.0243	0.0243	0.0234
  Y	0.011	0.011	0.011	0.0712	0.011	0.011	0.011	0.0221	0.011	0.0112	0.0216	0.011	0.0118	0.011	0.011	0.011	0.011	0.011	0.0217	0.011	0.0329	0.011	0.011	0.011	0	0.011	0.2162	0.011	0.011	0.011	0.011	0.011	0.011	0.011	0.011	0.011	0.0627	0.011	0.011	0.0336	0.0601	0.011	0.011	0.011	0.0227
  Z	0.0245	0.0245	0.0245	0.0245	0.0245	0.0246	0.0246	0.0219	0.0245	0.0245	0.0243	0.0245	0.0241	0.0317	0.0245	0.0245	0.0245	0.0243	0.0245	0.0245	0.0241	0.0245	0.0245	0.0245	0.0242	0	0.0235	0.0282	0.0246	0.0245	0.0245	0.0245	0.0245	0.0245	0.0244	0.0353	0.0245	0.0245	0.0245	0.0239	0.0242	0.0245	0.0245	0.0245	0.0237
  [	0.0423	0.0134	0.0135	0.0203	0.0135	0.0136	0.0138	0.0527	0.0135	0.0136	0.0266	0.0134	0.0138	0.0135	0.0138	0.0135	0.0135	0.0209	0.0135	0.0134	0.0675	0.0135	0.0135	0.0145	0.2734	0.0135	0	0.2334	0.0136	0.0143	0.0136	0.0135	0.0136	0.0135	0.0244	0.0135	0.0272	0.0135	0.0146	0.3917	0.0224	0.0135	0.0134	0.0135	0.0177
  \	0.0136	0.0088	0.0088	0.0088	0.0088	0.009	0.0092	0.0151	0.0088	0.0247	0.1119	0.0088	0.0495	0.0117	0.0108	0.0088	0.0093	0.0103	0.0088	0.0088	0.0452	0.0088	0.0096	0.0106	0.009	0.0104	0.1506	0	0.0089	0.0088	0.009	0.0088	0.0113	0.0088	0.0209	0.0096	0.0106	0.0088	0.0104	0.0136	0.0102	0.0088	0.0104	0.0088	0.0125
  ]	0.0248	0.0248	0.0248	0.0248	0.0248	0.0342	0.0287	0.0221	0.0248	0.0248	0.0246	0.0248	0.0245	0.0248	0.0248	0.0248	0.0248	0.0257	0.0248	0.0248	0.0244	0.0248	0.0248	0.0251	0.0245	0.0248	0.0239	0.0244	0	0.0248	0.025	0.0248	0.0248	0.0248	0.0247	0.0248	0.0248	0.0248	0.0248	0.0242	0.0245	0.0248	0.0248	0.0248	0.0239
  ^	0.0245	0.0245	0.0245	0.0245	0.0245	0.0246	0.0246	0.0219	0.0245	0.0245	0.0243	0.0245	0.0241	0.0245	0.0245	0.0245	0.0245	0.0243	0.0245	0.0245	0.0241	0.0245	0.0245	0.0245	0.0242	0.0245	0.0249	0.0238	0.0246	0	0.0245	0.0245	0.0245	0.0245	0.0244	0.0245	0.0245	0.0245	0.0317	0.0239	0.0306	0.0245	0.0245	0.0245	0.0237
  _	0.0245	0.0245	0.0245	0.0245	0.0245	0.0248	0.025	0.0219	0.0245	0.0245	0.0244	0.0245	0.0242	0.0245	0.0245	0.0245	0.0245	0.0342	0.0245	0.0245	0.0242	0.0245	0.0245	0.0248	0.0242	0.0245	0.0237	0.0243	0.0247	0.0245	0	0.0245	0.0245	0.0245	0.0244	0.0245	0.0245	0.0245	0.0245	0.0239	0.0242	0.0245	0.0245	0.0245	0.0237
  `	0.0244	0.0244	0.0244	0.0244	0.0244	0.0244	0.0245	0.0218	0.0244	0.0244	0.0346	0.0244	0.0241	0.0244	0.0244	0.0244	0.0244	0.0242	0.0244	0.0244	0.024	0.0244	0.0244	0.0244	0.0241	0.0244	0.0234	0.0237	0.0244	0.0244	0.0244	0	0.0243	0.0244	0.0243	0.0244	0.0243	0.0244	0.0244	0.0238	0.0242	0.0244	0.0244	0.0244	0.0264
  a	0.0223	0.0223	0.0223	0.0223	0.0223	0.0223	0.0224	0.0251	0.0223	0.0223	0.0222	0.0223	0.022	0.0223	0.0223	0.0223	0.0223	0.0221	0.0223	0.0223	0.0497	0.0223	0.0223	0.0223	0.022	0.0223	0.0216	0.0279	0.0223	0.0223	0.0223	0.0223	0	0.0223	0.0222	0.0223	0.0223	0.0223	0.0223	0.0218	0.0221	0.0223	0.0223	0.0223	0.0216
  b	0.0221	0.0221	0.0222	0.0221	0.0221	0.0222	0.0222	0.03	0.0221	0.0221	0.022	0.0221	0.0657	0.0222	0.0221	0.0221	0.0221	0.022	0.0221	0.0221	0.0219	0.0221	0.0221	0.0222	0.0219	0.0222	0.0213	0.0216	0.0222	0.0221	0.0222	0.0221	0.0221	0	0.0221	0.0222	0.0221	0.0221	0.0221	0.0217	0.0219	0.0221	0.0221	0.0222	0.0215
  c	0.0147	0.0147	0.0147	0.0147	0.0147	0.0147	0.0147	0.0617	0.0147	0.0148	0.034	0.0147	0.0297	0.0147	0.0147	0.0147	0.0147	0.0147	0.0147	0.0147	0.0147	0.0199	0.0147	0.0147	0.0146	0.0147	0.0257	0.0341	0.0147	0.0147	0.0147	0.0147	0.0147	0.0147	0	0.0147	0.0147	0.0147	0.0148	0.0145	0.0146	0.0147	0.0147	0.0147	0.0144
  d	0.0247	0.0247	0.0247	0.0247	0.0247	0.0248	0.0248	0.022	0.0247	0.0247	0.0245	0.0247	0.0243	0.0285	0.0247	0.0247	0.0247	0.0245	0.0247	0.0247	0.0243	0.0247	0.0247	0.0247	0.0244	0.0356	0.0237	0.0261	0.0248	0.0247	0.0247	0.0247	0.0247	0.0247	0.0246	0	0.0246	0.0247	0.0247	0.0241	0.0244	0.0247	0.0247	0.0247	0.0238
  e	0.0229	0.0229	0.0229	0.0349	0.0229	0.023	0.023	0.0206	0.0229	0.0229	0.0242	0.0229	0.0226	0.0229	0.0341	0.0229	0.0229	0.0227	0.0229	0.0229	0.0339	0.0229	0.0229	0.0229	0.1295	0.0229	0.0445	0.0269	0.0229	0.0229	0.0229	0.0229	0.0229	0.0229	0.0228	0.0229	0	0.0229	0.0229	0.0371	0.047	0.0229	0.0229	0.0229	0.0333
  f	0.0219	0.0219	0.0219	0.0219	0.0219	0.022	0.022	0.0301	0.0219	0.0219	0.0217	0.0219	0.0216	0.0219	0.0219	0.0219	0.0219	0.0217	0.0219	0.0219	0.0543	0.0219	0.0219	0.0219	0.0216	0.0219	0.0211	0.0214	0.0219	0.0219	0.0219	0.0219	0.0219	0.0219	0.0218	0.0219	0.0219	0	0.0219	0.0214	0.0217	0.0219	0.0219	0.0219	0.0212
  g	0.0245	0.0245	0.0245	0.0245	0.0245	0.0246	0.0246	0.0219	0.0245	0.0246	0.0338	0.0245	0.0341	0.0245	0.0245	0.0245	0.0245	0.0243	0.0245	0.0245	0.0363	0.0245	0.0245	0.0245	0.0242	0.0245	0.0256	0.0281	0.0246	0.0317	0.0245	0.0245	0.0244	0.0245	0.0245	0.0245	0.0245	0.0245	0	0.0239	0.0341	0.0245	0.0245	0.0245	0.0237
  h	0.0066	0.0065	0.0065	0.0065	0.0065	0.0065	0.0065	0.0458	0.0065	0.0065	0.0068	0.0065	0.0065	0.0065	0.0069	0.0065	0.0065	0.0065	0.0099	0.0065	0.0117	0.0065	0.0065	0.0065	0.0202	0.0065	0.1866	0.01	0.0065	0.0065	0.0065	0.0065	0.0065	0.0065	0.0066	0.0065	0.0108	0.0065	0.0065	0	0.0098	0.0065	0.0065	0.0065	0.0258
  i	0.0172	0.0172	0.0172	0.0172	0.0172	0.0172	0.0172	0.0454	0.0172	0.0172	0.0514	0.0172	0.0259	0.0172	0.0205	0.0172	0.0172	0.0171	0.0172	0.0172	0.0171	0.0172	0.0172	0.0172	0.0942	0.0172	0.0277	0.0195	0.0172	0.0217	0.0172	0.0173	0.0172	0.0172	0.0172	0.0172	0.0356	0.0172	0.0242	0.0256	0	0.0172	0.0172	0.0172	0.0583
  j	0.0239	0.0239	0.0239	0.0239	0.0239	0.024	0.024	0.0232	0.0239	0.0239	0.0465	0.0239	0.0593	0.0239	0.0239	0.0239	0.0239	0.0237	0.0239	0.0239	0.0279	0.0239	0.0239	0.0239	0.0236	0.0239	0.0229	0.0233	0.0239	0.0239	0.0239	0.0239	0.0238	0.0239	0.0238	0.0239	0.0238	0.0239	0.0239	0.0233	0.0236	0	0.0239	0.0239	0.0231
  k	0.0246	0.0246	0.0246	0.0246	0.0246	0.0247	0.0247	0.0219	0.0246	0.0249	0.0437	0.0246	0.0246	0.0246	0.0246	0.0246	0.0246	0.0244	0.0246	0.0246	0.0242	0.0246	0.0246	0.0246	0.0243	0.0246	0.0236	0.0283	0.0246	0.0246	0.0246	0.0246	0.0245	0.0246	0.0245	0.0246	0.0245	0.0246	0.0246	0.024	0.0243	0.0246	0	0.0246	0.0237
  l	0.0218	0.0218	0.0218	0.0218	0.0218	0.0219	0.0219	0.0296	0.0218	0.0218	0.0217	0.0218	0.0215	0.0218	0.0218	0.0218	0.0218	0.0217	0.0218	0.0218	0.0215	0.0218	0.0218	0.0218	0.0216	0.0218	0.021	0.0213	0.0219	0.0218	0.0218	0.0218	0.0218	0.0218	0.0218	0.0218	0.0218	0.0218	0.0218	0.0213	0.0216	0.0218	0.0218	0	0.0212
  m	0.0129	0.0128	0.0128	0.0129	0.0321	0.0128	0.0129	0.0597	0.0128	0.0193	0.0183	0.0128	0.0129	0.0128	0.0131	0.0128	0.0128	0.0128	0.0128	0.0128	0.0275	0.0128	0.0128	0.0128	0.0271	0.0128	0.0167	0.0184	0.0128	0.0128	0.0128	0.0144	0.0129	0.0129	0.013	0.0128	0.0193	0.0129	0.0128	0.0513	0.0445	0.0128	0.0128	0.0129	0
