{
  "generated_by": {
    "program": "augur",
    "version": "13.0.2"
  },
  "models": {
    "country": {
      "alphabet": [
        "Australia",
        "Austria",
        "Azerbaijan",
        "Brunei",
        "Cambodia",
        "Cameroon",
        "Central African Republic",
        "China",
        "Croatia",
        "Finland",
        "France",
        "Georgia",
        "Germany",
        "Guinea",
        "Hong Kong",
        "Hungary",
        "Iceland",
        "India",
        "Indonesia",
        "Italy",
        "Japan",
        "Kazakhstan",
        "Latvia",
        "Madagascar",
        "Malaysia",
        "Mauritania",
        "Na",
        "Netherlands",
        "Niger",
        "Norway",
        "Pakistan",
        "Peru",
        "Philippines",
        "Poland",
        "Russia",
        "Senegal",
        "Singapore",
        "South Korea",
        "Spain",
        "Taiwan",
        "Thailand",
        "Tunisia",
        "United Kingdom",
        "Usa",
        "Viet Nam",
        "?"
      ],
      "equilibrium_probabilities": [
        0.021384344765936064,
        0.026098595061763832,
        0.02578174780712085,
        0.02302401552418572,
        0.024287274373920704,
        0.026181705391637285,
        0.026030360142340885,
        0.016323746631685655,
        0.025807146885601134,
        0.024613465934088054,
        0.014287668429007451,
        0.026318020063537596,
        0.018709011059233335,
        0.025644030593965188,
        0.012786490913354804,
        0.025867385627790025,
        0.02594258099784554,
        0.02605415130913463,
        0.02584227299095026,
        0.026313539649598653,
        0.01342982775342392,
        0.025048286929806828,
        0.025877387228457553,
        0.02569437893893839,
        0.011760609586180627,
        0.025962603507440497,
        0.01487067388105186,
        0.009597037121010179,
        0.026243005795223175,
        0.025977544416456822,
        0.025958937343275645,
        0.025839656619415265,
        0.023662030881051482,
        0.023468475784220077,
        0.015637320438779898,
        0.02615734347890236,
        0.024306700167204633,
        0.02321522110378237,
        0.025950677090049876,
        0.00708292071945109,
        0.01841702397443494,
        0.025311103458841317,
        0.026044947885471337,
        0.023117446392429596,
        0.014071285352002447
      ],
      "rate": 11.94243161113391,
      "transition_matrix": [
        [
          0.0,
          0.9439229323468227,
          0.9440706782468626,
          0.9432515664215076,
          0.943954476345048,
          0.9464363911515445,
          0.9475326109194031,
          0.8590295052222773,
          0.9439378357309162,
          0.9434072804712895,
          0.937238750045177,
          0.9440142942496696,
          0.9314472661958031,
          0.9444024434993951,
          0.9433835937445318,
          0.9438463599790322,
          0.9439289813811759,
          0.9390517252675182,
          0.943610084108884,
          0.9439348520492395,
          0.9414318916823567,
          0.9440300853915569,
          0.9440139346869254,
          0.9459854822534222,
          0.9337348093759004,
          0.9443340047067152,
          2.8478065207751815,
          1.4138067773761238,
          0.9458501483971601,
          0.9441096409068095,
          0.9448787178253609,
          0.9435131607764953,
          0.9423878407029903,
          0.9436196317600994,
          0.9410443914743212,
          0.9442511060103281,
          0.9422993860977049,
          0.9435931931718927,
          0.9439567835271525,
          0.9250309430076638,
          0.9348777050613131,
          0.9438476004655864,
          0.9438096903300148,
          0.9440455545459387,
          0.917180906558288
        ],
        [
          0.9439229323468227,
          0.0,
          0.9443646232855475,
          0.9432050221927482,
          0.9440831342858669,
          0.9466010468529855,
          0.9475076633956365,
          0.8422088414375702,
          0.9441233691802172,
          0.9434462592037133,
          1.3976516191452557,
          0.9441732439018067,
          1.7989608836919255,
          0.9444561494192573,
          0.9437699538624581,
          0.9441124007037429,
          0.9440866885489275,
          0.9365340196216229,
          0.9436752766037635,
          0.9440782402175184,
          1.0159750009390405,
          0.9441826334074084,
          0.9441663570790173,
          0.9449084231012461,
          0.9312422542521415,
          0.9444116647843891,
          0.9043923168946586,
          0.9197376751562383,
          0.9460819018811791,
          0.9441958711086377,
          0.9447397179038379,
          0.9436565473529154,
          0.9421374998231546,
          0.9437162146031065,
          0.9404431256312762,
          0.9443620152571197,
          0.9419866789193928,
          0.9436601214583492,
          0.9440671496433026,
          0.9205557480392207,
          0.9335861156997272,
          0.9440600290204737,
          0.9439214439565159,
          0.9441844912140323,
          0.9114212024307724
        ],
        [
          0.9440706782468626,
          0.9443646232855475,
          0.0,
          0.9433765873499186,
          0.9442532331544456,
          0.9469440438712572,
          0.9479509763012532,
          0.8432882386607617,
          0.9443191177244747,
          0.9436725266601459,
          0.9363413227539823,
          0.9443560171835121,
          1.266548188590432,
          0.9446290718789163,
          0.9433705732429535,
          0.9442725544087818,
          0.9442438901860911,
          1.122920871192525,
          0.9438608231879597,
          0.9442607283109767,
          0.9296588683925603,
          0.9443551203799643,
          0.9443371831964779,
          0.9453406845685897,
          0.9314161614953562,
          0.9445866846011025,
          0.9049958999096932,
          0.9177649165474799,
          0.9463722078305788,
          0.9443753676955065,
          0.945188580206643,
          0.9437521229542994,
          0.9422779802568478,
          0.9440662372982785,
          0.9406527933576593,
          0.9445394471858592,
          0.942161186314837,
          0.9437934641195347,
          0.9442252298509728,
          0.920878310464064,
          0.9331445091402516,
          0.9443184000288508,
          0.9441113145361189,
          0.9443455130986301,
          0.9117734219565007
        ],
        [
          0.9432515664215076,
          0.9432050221927482,
          0.9433765873499186,
          0.0,
          0.9432872479980882,
          0.9455506099403287,
          0.9464181094340511,
          0.8525147530666654,
          0.9432293414662375,
          0.9426934190065788,
          0.9361892606069676,
          0.943298054651815,
          0.92993002152986,
          0.9435677266624242,
          0.942976553406714,
          0.9431293563743914,
          0.9432125755939633,
          0.9366678057920941,
          0.9429642549671411,
          0.9432127400957667,
          0.9306460278095386,
          0.9433497682558774,
          0.943298698400913,
          0.9441783257389509,
          6.053613677151034,
          0.9435178069518076,
          1.3627520593059754,
          0.9197545332762304,
          0.9450569632337416,
          0.9433526583689062,
          0.9438948223987267,
          0.9427820174427829,
          0.9415567044709411,
          0.9429485973948551,
          0.9403335583828422,
          0.9434680994256247,
          1.435841557367074,
          0.9429213850648362,
          0.9431665817186973,
          0.9231317536814577,
          0.9339369406780655,
          0.9431449185485128,
          0.9430828257489412,
          0.9434159710046821,
          0.9146672923581782
        ],
        [
          0.943954476345048,
          0.9440831342858669,
          0.9442532331544456,
          0.9432872479980882,
          0.0,
          0.9464058398357046,
          0.9472298709334506,
          0.8484288983616435,
          0.9440984057749408,
          0.9434484448249462,
          0.9363883604846196,
          0.9441893991278201,
          0.929760783395394,
          0.9444495430520582,
          0.9433421151704555,
          0.9439949065424182,
          0.9440857298921037,
          0.9368311857618725,
          0.9437260102761514,
          0.9440990615455396,
          0.9305282530914569,
          0.9441984034669189,
          0.9441741220480774,
          0.9448352030256919,
          0.9320787965592742,
          0.9444084303354973,
          0.9070122126358152,
          0.918873045519249,
          0.9459344094357742,
          0.9442108050640436,
          0.9446910100009289,
          0.94385392920885,
          0.9422523972593282,
          0.943717658976124,
          0.9406712175644152,
          0.9443631164708906,
          0.9421363524217886,
          0.9436798427986814,
          0.9440094574825985,
          0.9221759963472609,
          0.9336219159672399,
          0.9439912439889075,
          0.9439520883871084,
          0.944198860886418,
          2.2844588988276553
        ],
        [
          0.9464363911515445,
          0.9466010468529855,
          0.9469440438712572,
          0.9455506099403287,
          0.9464058398357046,
          0.0,
          1.1697198942868285,
          0.8432839827376504,
          0.9465526052650274,
          0.946603855214698,
          0.9397330945284922,
          0.9466907940799512,
          0.932973820702726,
          0.9470802355097319,
          0.9445868038255897,
          0.9464609312348592,
          0.9465903979408771,
          1.005491797460314,
          0.946167646263412,
          0.9466334640253464,
          0.9317299473862787,
          0.9465316654599873,
          0.946718073517387,
          0.9611938299194301,
          0.9332553831260864,
          0.9469885432276071,
          0.9165580779921784,
          0.9412228236524707,
          1.304924158772824,
          0.9466813177868195,
          0.9553560966432553,
          0.9460360719319255,
          0.9444269999708739,
          0.9459638118033747,
          0.9423846597047639,
          0.9469121721260422,
          0.9445901560594239,
          0.9458325194702308,
          0.9466122175862381,
          0.9221916005521255,
          0.9347470671622028,
          0.9463667908507272,
          0.9465332084914128,
          0.9463987494519966,
          0.9126194780723029
        ],
        [
          0.9475326109194031,
          0.9475076633956365,
          0.9479509763012532,
          0.9464181094340511,
          0.9472298709334506,
          1.1697198942868285,
          0.0,
          0.8445724531735095,
          0.9474329400086117,
          0.9480132834071117,
          0.9421863351726961,
          0.947583592834111,
          0.9354769917058162,
          0.9480550938903892,
          0.9450765404270817,
          0.9473505603909222,
          0.9474966906345775,
          1.0604217800702747,
          0.9470551521869688,
          0.9475437860749727,
          0.9330645775192414,
          0.9473759741543312,
          0.9476535174326753,
          0.9740591617351112,
          0.9344612561016118,
          0.9479291952144621,
          0.926152913009615,
          0.9625050432035214,
          1.0943409157168251,
          0.947571123999111,
          0.9632663641507091,
          0.9469193535065169,
          0.9453440078174792,
          0.9467877159931242,
          0.943251071214806,
          0.9478327207123535,
          0.9456240475947929,
          0.9466293908695556,
          0.9476057751793956,
          0.9233156432745343,
          0.9355850745019967,
          0.9472520573325386,
          0.9474857063013871,
          0.947184110332856,
          0.9133584725357807
        ],
        [
          0.8590295052222773,
          0.8422088414375702,
          0.8432882386607617,
          0.8525147530666654,
          0.8484288983616435,
          0.8432839827376504,
          0.8445724531735095,
          0.0,
          0.8430200266645944,
          0.8472534273526838,
          1.4377724280734483,
          0.841282154089599,
          2.588512834913591,
          0.8438001190257092,
          5.768313291880064,
          0.8427559862003635,
          0.8425652927480836,
          0.8399981842100717,
          0.8427608507989984,
          0.8412831909137188,
          4.991236505631977,
          0.9930347780093313,
          0.8428480823199861,
          0.8454016229970891,
          1.875143738778941,
          0.8426480289191078,
          3.543846142201041,
          1.5755966158299273,
          0.8426737988861037,
          0.8426852517551614,
          0.84313274545041,
          0.8431220930059534,
          1.0617087221208632,
          1.2766171648541669,
          3.946895720311516,
          0.8419354049692367,
          0.8478447236083968,
          1.2959085737773473,
          0.84290846317644,
          6.460993135427575,
          2.466174753831122,
          0.9153252037171581,
          0.8421520505152544,
          1.278861606773888,
          4.244901739309766
        ],
        [
          0.9439378357309162,
          0.9441233691802172,
          0.9443191177244747,
          0.9432293414662375,
          0.9440984057749408,
          0.9465526052650274,
          0.9474329400086117,
          0.8430200266645944,
          0.0,
          0.9434066357965405,
          0.9356898642835872,
          0.9441886148751415,
          1.3933480127112832,
          0.9444650741772942,
          0.9432868351032228,
          0.9441339856228801,
          0.944078403994181,
          0.9364678490488295,
          0.9436959205821994,
          0.9440927853850077,
          0.9295604377110157,
          0.944197602295384,
          0.944172311267518,
          0.9448806548962764,
          0.9313235207318505,
          0.9444214488556013,
          0.9047397337294596,
          0.9171217447926644,
          0.94604927247343,
          0.9442107825819828,
          0.9447251233550455,
          0.9435878405475459,
          0.9421291908634251,
          0.9436887466701113,
          0.9404609512457262,
          0.9443732933225774,
          0.9420055897633818,
          0.9436464640797537,
          0.9440049330000078,
          0.9208108038585187,
          0.9329625068914413,
          0.9439832712147772,
          0.9439365902149117,
          0.9441979604735922,
          0.9116604485320496
        ],
        [
          0.9434072804712895,
          0.9434462592037133,
          0.9436725266601459,
          0.9426934190065788,
          0.9434484448249462,
          0.946603855214698,
          0.9480132834071117,
          0.8472534273526838,
          0.9434066357965405,
          0.0,
          1.7291420903076828,
          1.4130408391049927,
          1.3629707699245346,
          0.9442504762024647,
          0.9430725289673522,
          0.943305916939715,
          1.363468673205312,
          0.9387925714564047,
          0.9430304745194927,
          0.9434481220231008,
          0.945285900482134,
          0.9435249133308723,
          0.9435671455668273,
          0.9465181085105787,
          0.9511036768845609,
          0.9441168697916494,
          0.9132867666911808,
          2.577109481279584,
          0.9458306210691557,
          0.9435216504396206,
          0.9447157231689082,
          0.943238590343357,
          0.941767405298616,
          0.9431017863338464,
          0.946549128790409,
          0.9439332715935539,
          0.9415804289351802,
          0.943051770975432,
          0.9465894121375044,
          0.9218751810059068,
          0.9331997717595885,
          0.9434388856760663,
          0.9541960696476172,
          0.9435747518031404,
          1.3699004110339565
        ],
        [
          0.937238750045177,
          1.3976516191452557,
          0.9363413227539823,
          0.9361892606069676,
          0.9363883604846196,
          0.9397330945284922,
          0.9421863351726961,
          1.4377724280734483,
          0.9356898642835872,
          1.7291420903076828,
          0.0,
          0.9370866258487499,
          7.748929220072181,
          0.937640598966074,
          1.0001940637102777,
          0.9365368262991395,
          1.3236480085284579,
          1.0050094866778494,
          0.9354457284023951,
          1.8699279385895997,
          3.172694758162961,
          0.9360191489233215,
          1.3211495945282292,
          0.944949416948199,
          1.835416830925313,
          0.9372111428703018,
          1.7902261456763462,
          11.664400034817202,
          0.938453400203469,
          0.9359355060708229,
          0.938292074076275,
          1.3392666367241275,
          0.9370853439505004,
          0.9367997926607434,
          2.1728229930216743,
          0.9366505778457701,
          0.9955241038578528,
          0.9363593057469205,
          1.3040469426343984,
          0.9660485294121509,
          2.7925902549498955,
          1.8386165542007886,
          1.6789730741059774,
          0.9366033272610625,
          1.3000923227550596
        ],
        [
          0.9440142942496696,
          0.9441732439018067,
          0.9443560171835121,
          0.943298054651815,
          0.9441893991278201,
          0.9466907940799512,
          0.947583592834111,
          0.841282154089599,
          0.9441886148751415,
          1.4130408391049927,
          0.9370866258487499,
          0.0,
          0.9287324691823522,
          0.9445683698114773,
          0.9433147944707623,
          0.9440766942728201,
          0.9442028847226747,
          0.9363190699993963,
          0.9437849368246377,
          0.9441915277732306,
          0.9292145204209545,
          0.9442934859119672,
          0.9442710037049279,
          0.9449835921019419,
          0.9311144850275599,
          0.9445251654312217,
          0.9040414342270562,
          0.9178829598043722,
          0.9461802070537123,
          0.9443106432741377,
          0.944830883067227,
          0.9436739714287256,
          0.942178085792209,
          0.9437663208297971,
          0.9404343631975853,
          0.9444769038413062,
          0.9420548261670526,
          0.9437242064571078,
          0.9440928828629668,
          0.9203839297667497,
          0.9328023319145666,
          0.9440699978079906,
          0.9440357912931768,
          0.9442863741012202,
          0.9110874424856348
        ],
        [
          0.9314472661958031,
          1.7989608836919255,
          1.266548188590432,
          0.92993002152986,
          0.929760783395394,
          0.932973820702726,
          0.9354769917058162,
          2.588512834913591,
          1.3933480127112832,
          1.3629707699245346,
          7.748929220072181,
          0.9287324691823522,
          0.0,
          0.9301619575727446,
          0.9438383313162522,
          1.8572713261304457,
          0.9293133792265807,
          1.7164529604753582,
          0.928579485517395,
          0.9295753043153084,
          2.2050775235403877,
          0.9295247034428514,
          0.9293831672080024,
          0.9365432230930671,
          1.0026844567918574,
          0.9297807678638157,
          0.9291228787693336,
          5.162822989183514,
          0.931677351524079,
          0.9289866096369175,
          0.9321415162666842,
          0.931106240179839,
          0.9297011047817401,
          2.7976022264818714,
          1.9013504421098921,
          0.9293791613821548,
          0.9287614096385335,
          0.9301439539754304,
          1.3134052694403604,
          0.9233512555408547,
          1.4051462010880023,
          2.343821770519732,
          0.9431044069849432,
          0.9305130897094253,
          0.9165396678891523
        ],
        [
          0.9444024434993951,
          0.9444561494192573,
          0.9446290718789163,
          0.9435677266624242,
          0.9444495430520582,
          0.9470802355097319,
          0.9480550938903892,
          0.8438001190257092,
          0.9444650741772942,
          0.9442504762024647,
          0.937640598966074,
          0.9445683698114773,
          0.9301619575727446,
          0.0,
          0.943519056094566,
          0.9443573122464816,
          0.9444737685473604,
          0.9372756827749712,
          0.9440715691167436,
          0.9444766245151143,
          0.9303197713355401,
          0.9445544420782571,
          0.944597007114801,
          0.9456881419105123,
          0.9315842063341986,
          1.2205903423717088,
          0.9068531535736735,
          1.2165139763804589,
          0.9465264505784922,
          0.944584954933785,
          0.9452292286811569,
          0.9439651539993807,
          0.9425934646284094,
          0.9440313603364544,
          0.940905745948946,
          1.0906399791322325,
          0.9424327227080629,
          0.943982516730536,
          0.9444505232104383,
          0.9211021181747066,
          0.9333280037010483,
          0.9443405691476596,
          0.9443642687626252,
          0.9445320219483889,
          0.9121351439192474
        ],
        [
          0.9433835937445318,
          0.9437699538624581,
          0.9433705732429535,
          0.942976553406714,
          0.9433421151704555,
          0.9445868038255897,
          0.9450765404270817,
          5.768313291880064,
          0.9432868351032228,
          0.9430725289673522,
          1.0001940637102777,
          0.9433147944707623,
          0.9438383313162522,
          0.943519056094566,
          0.0,
          0.9432332421715098,
          0.9432859217133782,
          0.9396914812096507,
          0.943092766450935,
          0.9432830404865575,
          1.4001401621870735,
          0.9434660525131179,
          0.9433368281895369,
          0.9438951427373009,
          0.9376262276322139,
          0.9434768851990597,
          0.925505354961953,
          1.1215032168681665,
          0.9443057063051902,
          0.9433581068204688,
          0.9436674153588601,
          0.9430560557962633,
          0.9426961991104933,
          0.9431852956472492,
          0.9420454671363077,
          0.9434345046044283,
          1.4011313796096196,
          0.9431933333157161,
          0.9432806203359132,
          0.9807796019770283,
          1.1143601356971298,
          0.9434123758805009,
          0.9432168080399987,
          0.9434435691160266,
          0.9277942618781999
        ],
        [
          0.9438463599790322,
          0.9441124007037429,
          0.9442725544087818,
          0.9431293563743914,
          0.9439949065424182,
          0.9464609312348592,
          0.9473505603909222,
          0.8427559862003635,
          0.9441339856228801,
          0.943305916939715,
          0.9365368262991395,
          0.9440766942728201,
          1.8572713261304457,
          0.9443573122464816,
          0.9432332421715098,
          0.0,
          0.9439680206571632,
          0.9364437017600301,
          0.9435849738340543,
          0.9439808789376292,
          0.9296004155508527,
          0.9440910795596229,
          0.944062315483341,
          0.9447860537927725,
          0.9312496326914301,
          0.9443121978032334,
          0.9045974736044908,
          0.9170727440212141,
          0.9459522620114429,
          0.9441002579452005,
          0.9446237652657509,
          0.9434774569123936,
          0.942024474370859,
          0.9435883401716686,
          0.9404234772833308,
          0.9442629113049826,
          0.9418976724999759,
          0.9435465957750059,
          0.9439019588470345,
          0.9207289367034228,
          0.9328686866859252,
          0.943880387380448,
          0.9438254613102245,
          0.9440996354819952,
          0.9115328781884925
        ],
        [
          0.9439289813811759,
          0.9440866885489275,
          0.9442438901860911,
          0.9432125755939633,
          0.9440857298921037,
          0.9465903979408771,
          0.9474966906345775,
          0.8425652927480836,
          0.944078403994181,
          1.363468673205312,
          1.3236480085284579,
          0.9442028847226747,
          0.9293133792265807,
          0.9444737685473604,
          0.9432859217133782,
          0.9439680206571632,
          0.0,
          0.936443503543717,
          0.9436803803327332,
          0.9441288336663272,
          0.9294927604069722,
          0.9441841246941455,
          0.9442038216542197,
          0.9449555130153914,
          0.9312750409018514,
          0.9444257995453644,
          0.9046300943007373,
          0.9716503928761867,
          0.9460723063844135,
          0.944197818276096,
          0.944746842129339,
          0.9436680187115466,
          0.9421123573079692,
          0.9436729682054933,
          0.9404728962608331,
          0.9443718510756435,
          0.9419961741889206,
          0.9436313208106577,
          0.9440113741069802,
          0.9206892783812716,
          0.932955862511688,
          0.9440254904463986,
          0.943974010850153,
          0.9441863529797586,
          0.9116001335520759
        ],
        [
          0.9390517252675182,
          0.9365340196216229,
          1.122920871192525,
          0.9366678057920941,
          0.9368311857618725,
          1.005491797460314,
          1.0604217800702747,
          0.8399981842100717,
          0.9364678490488295,
          0.9387925714564047,
          1.0050094866778494,
          0.9363190699993963,
          1.7164529604753582,
          0.9372756827749712,
          0.9396914812096507,
          0.9364437017600301,
          0.936443503543717,
          0.0,
          0.9360089618372059,
          0.9363193632459003,
          0.9293422799558818,
          0.9366481474317402,
          0.9366937523431045,
          1.0299019340989366,
          0.9310786096131318,
          0.9369281669589036,
          1.4056542888893218,
          1.0776400169236307,
          0.9792137433685194,
          0.9364863811670018,
          1.3165987134653792,
          0.9358834856873993,
          0.9354678537541596,
          0.9370476782328919,
          0.9373559693442888,
          0.9366984948136874,
          0.9355813233368538,
          0.9367034261664753,
          0.9368220394248659,
          0.9221538270872568,
          0.9282750453774246,
          0.9367115727078825,
          0.9364851647653185,
          0.9372842334904388,
          0.9079046948209643
        ],
        [
          0.943610084108884,
          0.9436752766037635,
          0.9438608231879597,
          0.9429642549671411,
          0.9437260102761514,
          0.946167646263412,
          0.9470551521869688,
          0.8427608507989984,
          0.9436959205821994,
          0.9430304745194927,
          0.9354457284023951,
          0.9437849368246377,
          0.928579485517395,
          0.9440715691167436,
          0.943092766450935,
          0.9435849738340543,
          0.9436803803327332,
          0.9360089618372059,
          0.0,
          0.9436889890901828,
          0.9292630872295536,
          0.9438133674281648,
          0.9437753362097807,
          0.9445019779451199,
          1.8479239127580989,
          0.9440231631504962,
          0.9066851549502664,
          0.9169160587383498,
          0.9456592168793353,
          0.9438134548441464,
          0.9443382022015936,
          0.9431914944010458,
          0.9417650214532045,
          0.9433264705978975,
          0.9402057584036467,
          0.9439720505038866,
          0.9417592015889223,
          0.9432900010966551,
          0.9435997955134952,
          1.3959640815592982,
          0.932776808866499,
          0.9435889877319162,
          0.9435368289490423,
          0.9438434009645161,
          0.9118833786188605
        ],
        [
          0.9439348520492395,
          0.9440782402175184,
          0.9442607283109767,
          0.9432127400957667,
          0.9440990615455396,
          0.9466334640253464,
          0.9475437860749727,
          0.8412831909137188,
          0.9440927853850077,
          0.9434481220231008,
          1.8699279385895997,
          0.9441915277732306,
          0.9295753043153084,
          0.9444766245151143,
          0.9432830404865575,
          0.9439808789376292,
          0.9441288336663272,
          0.9363193632459003,
          0.9436889890901828,
          0.0,
          0.929220033423735,
          0.9442004822262374,
          0.9441938740685207,
          0.9449288414228655,
          0.9310889275014976,
          0.9444321893638319,
          0.9040114093508324,
          0.9167135680485318,
          0.9461117305852397,
          0.9442143112196757,
          0.944762303210393,
          0.9437603732373828,
          0.9420917752002308,
          0.9436799524660454,
          0.941102823940102,
          0.944382177742148,
          0.941981004848221,
          0.943638046302939,
          0.9440047629093142,
          0.9203651940548572,
          0.9327546014206264,
          0.9440335679806454,
          0.9439369588438993,
          0.9442003571719113,
          0.9112201480987702
        ],
        [
          0.9414318916823567,
          1.0159750009390405,
          0.9296588683925603,
          0.9306460278095386,
          0.9305282530914569,
          0.9317299473862787,
          0.9330645775192414,
          4.991236505631977,
          0.9295604377110157,
          0.945285900482134,
          3.172694758162961,
          0.9292145204209545,
          2.2050775235403877,
          0.9303197713355401,
          1.4001401621870735,
          0.9296004155508527,
          0.9294927604069722,
          0.9293422799558818,
          0.9292630872295536,
          0.929220033423735,
          0.0,
          0.9300300187133538,
          0.9296221930670907,
          0.9333901347123897,
          2.8005794163008826,
          0.9299966125417086,
          4.537023810453986,
          4.705886877020664,
          0.9310222811295179,
          0.9296005910988566,
          0.9306856997949855,
          0.9297451679596862,
          2.1014270042794285,
          0.9313288444633883,
          0.9377899240832402,
          0.9297047078411255,
          1.393904826897974,
          2.340080014971853,
          1.3987792677901774,
          1.6463798030315442,
          0.9291317894713432,
          1.1029090266908181,
          0.9294606466845566,
          0.9310665784604397,
          1.9526382715728896
        ],
        [
          0.9440300853915569,
          0.9441826334074084,
          0.9443551203799643,
          0.9433497682558774,
          0.9441984034669189,
          0.9465316654599873,
          0.9473759741543312,
          0.9930347780093313,
          0.944197602295384,
          0.9435249133308723,
          0.9360191489233215,
          0.9442934859119672,
          0.9295247034428514,
          0.9445544420782571,
          0.9434660525131179,
          0.9440910795596229,
          0.9441841246941455,
          0.9366481474317402,
          0.9438133674281648,
          0.9442004822262374,
          0.9300300187133538,
          0.0,
          0.9442756760068033,
          0.944920253014983,
          0.9317583202327592,
          0.9445127276541095,
          0.9060546415997489,
          0.9179107212600927,
          0.9460555832294609,
          0.9443117992138965,
          0.9447886617200121,
          0.943705347182787,
          0.9423033780674008,
          0.9438109872051892,
          1.2713772895558741,
          0.9444680528380686,
          0.9421653770079234,
          0.9437732079635682,
          0.9441061622931181,
          0.9215675075202988,
          0.9333978011304169,
          0.944097114659283,
          0.9440478226404725,
          0.9443058432790076,
          0.9127040294691154
        ],
        [
          0.9440139346869254,
          0.9441663570790173,
          0.9443371831964779,
          0.943298698400913,
          0.9441741220480774,
          0.946718073517387,
          0.9476535174326753,
          0.8428480823199861,
          0.944172311267518,
          0.9435671455668273,
          1.3211495945282292,
          0.9442710037049279,
          0.9293831672080024,
          0.944597007114801,
          0.9433368281895369,
          0.944062315483341,
          0.9442038216542197,
          0.9366937523431045,
          0.9437753362097807,
          0.9441938740685207,
          0.9296221930670907,
          0.9442756760068033,
          0.0,
          0.9451818659800933,
          0.9313379516918556,
          0.9445444670653116,
          0.9049018523708601,
          1.0044017573829986,
          0.9461869357933168,
          0.9442919979097179,
          0.9448762428557493,
          0.9437467956077306,
          0.9422146391948466,
          0.9437590886106978,
          0.9405272117209754,
          0.9444831293274735,
          0.9420920245139339,
          0.9437174164350165,
          0.9440933978573727,
          0.9207750848960109,
          0.933017467743917,
          0.9440929881682864,
          0.9440344698487149,
          0.9442703101844145,
          0.9117220324125784
        ],
        [
          0.9459854822534222,
          0.9449084231012461,
          0.9453406845685897,
          0.9441783257389509,
          0.9448352030256919,
          0.9611938299194301,
          0.9740591617351112,
          0.8454016229970891,
          0.9448806548962764,
          0.9465181085105787,
          0.944949416948199,
          0.9449835921019419,
          0.9365432230930671,
          0.9456881419105123,
          0.9438951427373009,
          0.9447860537927725,
          0.9449555130153914,
          1.0299019340989366,
          0.9445019779451199,
          0.9449288414228655,
          0.9333901347123897,
          0.944920253014983,
          0.9451818659800933,
          0.0,
          0.934717441008121,
          0.9454626175246063,
          0.9723578426737299,
          1.1024205680052896,
          0.9550747304712928,
          0.9450288301762141,
          0.9555127450934064,
          0.9443745606773141,
          0.943254922738005,
          0.9444550605265938,
          0.9422340835292332,
          0.9453067787162828,
          0.9434547135120057,
          0.944353824531585,
          0.945206474530519,
          0.9245218545337258,
          0.9340982193409121,
          0.9447489219453965,
          0.9449888767320473,
          0.9449065167320657,
          0.9126213814738281
        ],
        [
          0.9337348093759004,
          0.9312422542521415,
          0.9314161614953562,
          6.053613677151034,
          0.9320787965592742,
          0.9332553831260864,
          0.9344612561016118,
          1.875143738778941,
          0.9313235207318505,
          0.9511036768845609,
          1.835416830925313,
          0.9311144850275599,
          1.0026844567918574,
          0.9315842063341986,
          0.9376262276322139,
          0.9312496326914301,
          0.9312750409018514,
          0.9310786096131318,
          1.8479239127580989,
          0.9310889275014976,
          2.8005794163008826,
          0.9317583202327592,
          0.9313379516918556,
          0.934717441008121,
          0.0,
          0.9314051958714994,
          18.383565957228726,
          0.934926157552257,
          0.9326412444658189,
          0.9324522522630089,
          0.9323637221971927,
          0.9320746632857709,
          0.9317403803760077,
          0.9323125191487996,
          0.9348794356632638,
          0.9312823584479029,
          5.328902791385461,
          0.9324181349236708,
          0.9326971532851394,
          2.8568514738328425,
          5.112555344644471,
          0.9316869230689149,
          0.9311484629407752,
          0.932696131579815,
          1.9262068162768977
        ],
        [
          0.9443340047067152,
          0.9444116647843891,
          0.9445866846011025,
          0.9435178069518076,
          0.9444084303354973,
          0.9469885432276071,
          0.9479291952144621,
          0.8426480289191078,
          0.9444214488556013,
          0.9441168697916494,
          0.9372111428703018,
          0.9445251654312217,
          0.9297807678638157,
          1.2205903423717088,
          0.9434768851990597,
          0.9443121978032334,
          0.9444257995453644,
          0.9369281669589036,
          0.9440231631504962,
          0.9444321893638319,
          0.9299966125417086,
          0.9445127276541095,
          0.9445444670653116,
          0.9454626175246063,
          0.9314051958714994,
          0.0,
          0.9060490229871384,
          1.0845291448151417,
          0.9464532807395981,
          0.9445418323432451,
          0.9451330144603962,
          0.9439143887353943,
          0.9425016842386837,
          0.9439862864872366,
          0.9407988316633756,
          1.3593251730541531,
          0.9423520939160998,
          0.9439371576979401,
          0.944390390093289,
          0.9208005762817602,
          0.9331524564950793,
          0.944294862132024,
          0.9443106854488822,
          0.9444939559780284,
          0.911694234055121
        ],
        [
          2.8478065207751815,
          0.9043923168946586,
          0.9049958999096932,
          1.3627520593059754,
          0.9070122126358152,
          0.9165580779921784,
          0.926152913009615,
          3.543846142201041,
          0.9047397337294596,
          0.9132867666911808,
          1.7902261456763462,
          0.9040414342270562,
          0.9291228787693336,
          0.9068531535736735,
          0.925505354961953,
          0.9045974736044908,
          0.9046300943007373,
          1.4056542888893218,
          0.9066851549502664,
          0.9040114093508324,
          4.537023810453986,
          0.9060546415997489,
          0.9049018523708601,
          0.9723578426737299,
          18.383565957228726,
          0.9060490229871384,
          0.0,
          15.697267277601544,
          0.9118691370771113,
          0.9584231921938037,
          0.9148093754305706,
          0.904733615773481,
          0.912240489020612,
          0.9080074003562959,
          1.6421961958371782,
          0.9052802308836687,
          1.8306240869372619,
          0.9084742334476776,
          0.9848863709816146,
          26.34204126151201,
          1.5063372470893268,
          0.905932640097999,
          0.9043445764056983,
          0.9087798870723313,
          1.1883970750283854
        ],
        [
          1.4138067773761238,
          0.9197376751562383,
          0.9177649165474799,
          0.9197545332762304,
          0.918873045519249,
          0.9412228236524707,
          0.9625050432035214,
          1.5755966158299273,
          0.9171217447926644,
          2.577109481279584,
          11.664400034817202,
          0.9178829598043722,
          5.162822989183514,
          1.2165139763804589,
          1.1215032168681665,
          0.9170727440212141,
          0.9716503928761867,
          1.0776400169236307,
          0.9169160587383498,
          0.9167135680485318,
          4.705886877020664,
          0.9179107212600927,
          1.0044017573829986,
          1.1024205680052896,
          0.934926157552257,
          1.0845291448151417,
          15.697267277601544,
          0.0,
          0.9312139602101105,
          0.9172970129209669,
          0.9348870773290436,
          0.9184976778814651,
          1.1788929427925063,
          0.9197815506093568,
          2.182809055616618,
          0.9988728589307269,
          1.1051857413617836,
