{
  "generated_by": {
    "program": "augur",
    "version": "13.0.2"
  },
  "models": {
    "country": {
      "alphabet": [
        "Australia",
        "Brunei",
        "Cambodia",
        "Cameroon",
        "Canada",
        "China",
        "Denmark",
        "France",
        "Germany",
        "Greece",
        "Guinea",
        "Hong Kong",
        "Hungary",
        "Japan",
        "Laos",
        "Madagascar",
        "Malaysia",
        "Mauritania",
        "Na",
        "Netherlands",
        "Norway",
        "Russia",
        "Senegal",
        "Singapore",
        "South Korea",
        "Spain",
        "Switzerland",
        "Taiwan",
        "Thailand",
        "Unknown",
        "Usa",
        "Viet Nam",
        "?"
      ],
      "equilibrium_probabilities": [
        0.031487370521460854,
        0.03478095495311357,
        0.023945871169763898,
        0.034998531642828186,
        0.032890512653982774,
        0.025433442508640203,
        0.0357396638580436,
        0.03608723540189264,
        0.03438500861747004,
        0.03470979417923187,
        0.03488078250931629,
        0.021875851737425518,
        0.034308771896344924,
        0.023504523845455233,
        0.030957426907069343,
        0.034677743235558105,
        0.031010099477161737,
        0.035020718487499346,
        0.023341927675432046,
        0.03274974577952356,
        0.03493124474436489,
        0.030961952988810156,
        0.034862320243063134,
        0.03601406746315878,
        0.03355377973856782,
        0.034207674709300404,
        0.03476593714436364,
        0.018366413069813247,
        0.02336913664730121,
        0.033558551584621954,
        0.03541564849377414,
        0.023207296115646987
      ],
      "rate": 12.169457088619453,
      "transition_matrix": [
        [
          0.0,
          0.9464818411262328,
          0.9433166387394364,
          0.9463371515124916,
          1.3181643358260169,
          1.3516140545385344,
          0.9476382258616343,
          0.9464828084435503,
          0.9456154460264106,
          0.9470163774375948,
          0.9484838836550664,
          0.946491937744084,
          0.9464588434514303,
          1.2234879465192703,
          0.9465421132501117,
          0.9504899496016542,
          1.015906568033871,
          0.9464630998834149,
          0.9459631645827148,
          1.5384068828556083,
          1.1716980196658715,
          0.9465112833509676,
          0.949279784940374,
          0.9459588544014332,
          0.9462004871715035,
          0.946081342732262,
          0.948414793454853,
          1.001237797252463,
          1.0784178612554232,
          1.3315494751126118,
          0.9464977813095724,
          0.9265978075597355
        ],
        [
          0.9464818411262328,
          0.0,
          0.943943161756152,
          0.947825298487206,
          0.9472955526165967,
          0.8959023487963345,
          0.948166425659678,
          0.9479161375766575,
          0.9470403666578929,
          0.9478438212685466,
          0.9499298285103781,
          0.9472828516174829,
          0.9479310723165166,
          0.947520686082217,
          0.9479012721423912,
          0.9517128488983161,
          1.416992120653102,
          0.9480113286496856,
          0.9466250974910942,
          0.9448740973908765,
          0.9480196197902703,
          0.9478670404390084,
          0.9505470010026773,
          0.9472979879076344,
          0.9474998987121951,
          0.947501333631965,
          0.9479504640441322,
          0.93231575287699,
          0.9434019989831022,
          0.9461898876298063,
          0.9477937829168309,
          0.925371584863938
        ],
        [
          0.9433166387394364,
          0.943943161756152,
          0.0,
          0.9438021053849248,
          0.9436755875733679,
          1.818924698158044,
          0.9445958054910005,
          0.9437507212436245,
          0.9433429881254823,
          0.9438626498835305,
          0.945436553312433,
          0.9450875208856695,
          0.9439616105014778,
          0.9469325076713697,
          0.9443315943472224,
          0.9469025669449135,
          0.9421660828625349,
          0.9439321067735981,
          0.9444343062160225,
          0.9430644635380805,
          0.9439578049482551,
          0.9443082190297862,
          0.9460052237917485,
          0.9433441247516535,
          0.9437719930476356,
          0.9436784903664626,
          0.9439659962795366,
          0.936994762719695,
          1.4195441990370172,
          0.9429312256662911,
          0.9437517247865543,
          8.452166126806555
        ],
        [
          0.9463371515124916,
          0.947825298487206,
          0.9438021053849248,
          0.0,
          0.9470047571730397,
          0.8954443500025878,
          0.9479716697586924,
          0.9477401327726716,
          0.9468674060955701,
          0.9476739206847739,
          0.949764876921946,
          0.9471712550381147,
          0.9477637329554945,
          0.9471998673560211,
          0.947750093500575,
          0.9515511316392432,
          0.9444597600088858,
          0.947841036697844,
          0.9464978365874506,
          0.9443913911244798,
          0.94788950572599,
          0.9477156365966404,
          0.9503805608843299,
          0.9471114543368175,
          0.9473328363018534,
          0.9473317995705965,
          0.9478638960888213,
          0.9319349933822418,
          0.9433482344269709,
          1.4199250478760443,
          0.9476196963142102,
          0.925124334353201
        ],
        [
          1.3181643358260169,
          0.9472955526165967,
          0.9436755875733679,
          0.9470047571730397,
          0.0,
          1.1763215509826883,
          0.9480564277872703,
          0.9515279042210008,
          0.9462949308369037,
          0.9664298104063758,
          0.9492004021556959,
          0.9477195819573654,
          0.9472601634584799,
          1.1686412108587085,
          0.9472132666723687,
          0.9511512493616565,
          1.2883950920143137,
          0.947185815083496,
          0.950155021348216,
          1.784522528812312,
          0.9472467614046162,
          0.9471810046219844,
          0.9499483474494194,
          0.9481555156308216,
          0.9468343277612554,
          0.9467779731979397,
          0.9471322252452968,
          0.9415265413706965,
          0.9439749439670405,
          0.9459233994711136,
          0.9517193998908672,
          0.926218205674839
        ],
        [
          1.3516140545385344,
          0.8959023487963345,
          1.818924698158044,
          0.8954443500025878,
          1.1763215509826883,
          0.0,
          0.9325216279773516,
          0.894706083816526,
          0.8963546466211177,
          0.896918177869926,
          0.9027635382316317,
          4.0986966742291795,
          0.89698991826607,
          2.98455128180374,
          1.3513716897996748,
          0.9119878684474645,
          0.9062383753358157,
          0.8957669056041367,
          2.952251005827749,
          1.1539609656814847,
          0.8957966171275429,
          1.3514083964757806,
          0.9087276356284507,
          0.8955155467625726,
          0.9040735495504755,
          0.8969843762417481,
          0.8961652756293753,
          5.765331693856893,
          2.6649116653080442,
          0.8975965130937099,
          0.8965779910515631,
          3.1653908210397943
        ],
        [
          0.9476382258616343,
          0.948166425659678,
          0.9445958054910005,
          0.9479716697586924,
          0.9480564277872703,
          0.9325216279773516,
          0.0,
          0.9482672454334523,
          1.8734483201907324,
          0.9482615260078383,
          1.0038048764275713,
          0.9487719792006931,
          0.948226691651754,
          1.1020096643611172,
          0.948301961993074,
          1.0804636336333637,
          0.9483761639051129,
          0.9499571236381112,
          0.9491342948717925,
          0.9567564785163485,
          0.9481815655320662,
          0.9482666683972587,
          1.0567502320592679,
          0.9481230947776698,
          0.9489827858978267,
          0.9484350436517512,
          0.948134884945363,
          1.0364868065027129,
          0.9507739678701516,
          0.9465354515396556,
          0.972270852476126,
          0.9272548349321209
        ],
        [
          0.9464828084435503,
          0.9479161375766575,
          0.9437507212436245,
          0.9477401327726716,
          0.9515279042210008,
          0.894706083816526,
          0.9482672454334523,
          0.0,
          0.9469334802954779,
          1.1215252942586285,
          0.9499679103423218,
          0.9473608016069645,
          0.9479117379327834,
          0.9490961862564515,
          0.9478311895328604,
          0.9518665707429477,
          0.9447383752751056,
          0.947934578344741,
          0.9471561673793895,
          1.318962550984578,
          0.947964366454418,
          0.9477956624012135,
          0.9506424513785154,
          0.9475664368175664,
          0.9474197500963477,
          1.421105474845151,
          0.9479429107145706,
          0.9330580282977222,
          1.4150425004929348,
          0.9462078309677403,
          0.9483378798510483,
          0.9245148091192719
        ],
        [
          0.9456154460264106,
          0.9470403666578929,
          0.9433429881254823,
          0.9468674060955701,
          0.9462949308369037,
          0.8963546466211177,
          1.8734483201907324,
          0.9469334802954779,
          0.0,
          0.9469216976723691,
          0.9498454609057454,
          0.9467046864707196,
          0.946993326921113,
          0.9483489390027138,
          0.9470552180135499,
          0.9527819252357232,
          0.9438465096659104,
          0.9470736219598924,
          0.946018847742394,
          0.9443308710137841,
          0.9470609043724288,
          0.9470213121256797,
          0.9511389370318044,
          0.946321627399835,
          0.9465931315282081,
          1.4204664402853742,
          0.9469975484061119,
          0.9334411840602551,
          0.942947465121069,
          0.945291592709534,
          1.9069666957413556,
          0.9250336250478968
        ],
        [
          0.9470163774375948,
          0.9478438212685466,
          0.9438626498835305,
          0.9476739206847739,
          0.9664298104063758,
          0.896918177869926,
          0.9482615260078383,
          1.1215252942586285,
          0.9469216976723691,
          0.0,
          0.9498275138276044,
          0.9964737199816183,
          0.9478793381513844,
          0.9506063638783521,
          0.9477730626886959,
          0.9516739233559661,
          0.9451920630111309,
          0.9478614334081289,
          0.9676490742032502,
          1.7651394923031454,
          0.9478689373716799,
          0.9477388816683695,
          0.9504882792698314,
          1.02521198974111,
          0.9473919524636268,
          0.9474169515201716,
          0.9478011557050033,
          0.9440817089807061,
          0.9436121006685677,
          0.9461434440073111,
          0.9636048632357075,
          0.9253772661036994
        ],
        [
          0.9484838836550664,
          0.9499298285103781,
          0.945436553312433,
          0.949764876921946,
          0.9492004021556959,
          0.9027635382316317,
          1.0038048764275713,
          0.9499679103423218,
          0.9498454609057454,
          0.9498275138276044,
          0.0,
          0.9488695189395088,
          0.9498699432791853,
          0.9718629772970239,
          0.9496929697776597,
          1.026642121885689,
          0.9472911626036618,
          0.9547984048786732,
          0.9485711181871859,
          0.948364689979892,
          0.9499585741137635,
          0.9496587042345473,
          1.4005644434588644,
          0.9494835653327441,
          0.9497584971013484,
          0.9496471211845059,
          0.9498836551103144,
          0.949235349342294,
          0.9459663672556146,
          0.9480961119965334,
          0.9499431447411306,
          0.9271360880932644
        ],
        [
          0.946491937744084,
          0.9472828516174829,
          0.9450875208856695,
          0.9471712550381147,
          0.9477195819573654,
          4.0986966742291795,
          0.9487719792006931,
          0.9473608016069645,
          0.9467046864707196,
          0.9964737199816183,
          0.9488695189395088,
          0.0,
          0.9472992535403458,
          0.9520089884519849,
          0.9473297837993695,
          0.9504637713461296,
          0.9455559888004081,
          0.9472992623628751,
          1.0126584254180104,
          1.1084970385084676,
          0.9472962022539512,
          0.9473112109203656,
          0.9495577338321308,
          1.3991984154850716,
          0.947065360759712,
          0.9469980560443494,
          0.9472592979487825,
          0.9416863676903922,
          0.947034419148026,
          0.9462202905585992,
          0.9474666881876083,
          0.933320870346548
        ],
        [
          0.9464588434514303,
          0.9479310723165166,
          0.9439616105014778,
          0.9477637329554945,
          0.9472601634584799,
          0.89698991826607,
          0.948226691651754,
          0.9479117379327834,
          0.946993326921113,
          0.9478793381513844,
          0.9498699432791853,
          0.9472992535403458,
          0.0,
          0.9491704716129418,
          0.9478487455006979,
          0.9516618249615106,
          0.9449110233802038,
          0.9479482857481571,
          0.9466194057950363,
          1.4165761918713229,
          0.947956101943251,
          0.9478149760476916,
          0.9505024309771988,
          0.9472811512625446,
          0.9474605109176185,
          0.947449820720738,
          0.9478888918234147,
          0.9334882194951047,
          0.943538678920278,
          0.9461570770403243,
          0.947881482860874,
          0.925651371333612
        ],
        [
          1.2234879465192703,
          0.947520686082217,
          0.9469325076713697,
          0.9471998673560211,
          1.1686412108587085,
          2.98455128180374,
          1.1020096643611172,
          0.9490961862564515,
          0.9483489390027138,
          0.9506063638783521,
          0.9718629772970239,
          0.9520089884519849,
          0.9491704716129418,
          0.0,
          0.9481205517561273,
          1.004886083833233,
          1.5864500654544125,
          0.9482028389564391,
          0.9546714601523072,
          2.0964875633661055,
          0.94744241616762,
          0.948098682183183,
          0.9947842181232716,
          0.9650621755129679,
          1.3953850101617002,
          1.418843178935208,
          0.9474936098566505,
          3.136879234834468,
          1.2001758175837607,
          0.9486606690177665,
          0.9501038593303177,
          0.9425676421957148
        ],
        [
          0.9465421132501117,
          0.9479012721423912,
          0.9443315943472224,
          0.947750093500575,
          0.9472132666723687,
          1.3513716897996748,
          0.948301961993074,
          0.9478311895328604,
          0.9470552180135499,
          0.9477730626886959,
          0.9496929697776597,
          0.9473297837993695,
          0.9478487455006979,
          0.9481205517561273,
          0.0,
          0.9513676581440365,
          0.9449402840521298,
          0.9479177110423485,
          0.9467397461356398,
          0.9453095530204135,
          0.9479232905836806,
          0.9477978483690745,
          0.9502976335105111,
          0.9472789109106486,
          0.9474753362039187,
          0.9474658886186104,
          0.9478626537996072,
          0.9343244354936672,
          0.9442097767431902,
          0.9462970559835142,
          0.9477266540904492,
          0.9277500964944205
        ],
        [
          0.9504899496016542,
          0.9517128488983161,
          0.9469025669449135,
          0.9515511316392432,
          0.9511512493616565,
          0.9119878684474645,
          1.0804636336333637,
          0.9518665707429477,
          0.9527819252357232,
          0.9516739233559661,
          1.026642121885689,
          0.9504637713461296,
          0.9516618249615106,
          1.004886083833233,
          0.9513676581440365,
          0.0,
          0.9502178455936942,
          0.9539952955875836,
          0.9506390546619807,
          0.9525970466497223,
          0.9517439205068478,
          0.9513336728832117,
          1.1000891507077233,
          0.9515662307251004,
          0.9520078836367933,
          0.951723707032737,
          0.9516666863455676,
          0.9719075704288032,
          0.9488784399407102,
          0.9498868936748991,
          0.951996932519376,
          0.9292327025637863
        ],
        [
          1.015906568033871,
          1.416992120653102,
          0.9421660828625349,
          0.9444597600088858,
          1.2883950920143137,
          0.9062383753358157,
          0.9483761639051129,
          0.9447383752751056,
          0.9438465096659104,
          0.9451920630111309,
          0.9472911626036618,
          0.9455559888004081,
          0.9449110233802038,
          1.5864500654544125,
          0.9449402840521298,
          0.9502178455936942,
          0.0,
          0.9446411826611008,
          1.4433200320596582,
          1.4392458421528274,
          0.9452266140401677,
          0.9449094964166264,
          0.9486452023749464,
          1.06647273134054,
          0.94476977218747,
          0.9443573808003348,
          0.9452882067587117,
          3.1313746293980946,
          1.1895500580018468,
          1.421501940333306,
          0.945594048207999,
          0.9260138976048397
        ],
        [
          0.9464630998834149,
          0.9480113286496856,
          0.9439321067735981,
          0.947841036697844,
          0.947185815083496,
          0.8957669056041367,
          0.9499571236381112,
          0.947934578344741,
          0.9470736219598924,
          0.9478614334081289,
          0.9547984048786732,
          0.9472992623628751,
          0.9479482857481571,
          0.9482028389564391,
          0.9479177110423485,
          0.9539952955875836,
          0.9446411826611008,
          0.0,
          0.9466414163536768,
          0.9446314636849875,
          0.9480364967373061,
          0.9478832427095872,
          1.4313149135873686,
          0.9473092527281094,
          0.9475231027411014,
          0.9475210934900848,
          0.9479667981943033,
          0.9326580951928903,
          0.9434105628138206,
          0.9461902416777228,
          0.9478135158800085,
          0.9252470284196854
        ],
        [
          0.9459631645827148,
          0.9466250974910942,
          0.9444343062160225,
          0.9464978365874506,
          0.950155021348216,
          2.952251005827749,
          0.9491342948717925,
          0.9471561673793895,
          0.946018847742394,
          0.9676490742032502,
          0.9485711181871859,
          1.0126584254180104,
          0.9466194057950363,
          0.9546714601523072,
          0.9467397461356398,
          0.9506390546619807,
          1.4433200320596582,
          0.9466414163536768,
          0.0,
          1.3995965516371804,
          0.9466319488264703,
          0.9467182319980495,
          0.9495217951059479,
          1.4202537782631375,
          0.9464466040832931,
          0.946332091120581,
          0.9465955838922409,
          2.6555055952410553,
          0.9465221821279065,
          0.9454971959370138,
          0.9486368912776546,
          0.9320467526157764
        ],
        [
          1.5384068828556083,
          0.9448740973908765,
          0.9430644635380805,
          0.9443913911244798,
          1.784522528812312,
          1.1539609656814847,
          0.9567564785163485,
          1.318962550984578,
          0.9443308710137841,
          1.7651394923031454,
          0.948364689979892,
          1.1084970385084676,
          1.4165761918713229,
          2.0964875633661055,
          0.9453095530204135,
          0.9525970466497223,
          1.4392458421528274,
          0.9446314636849875,
          1.3995965516371804,
          0.0,
          0.9451187904418714,
          0.9452772157449056,
          0.9507674426298813,
          1.706976123157788,
          0.9499586921574418,
          0.9452279110974778,
          0.945162303052968,
          1.609593786622972,
          0.9686512970059321,
          1.3926931711402244,
          1.2923348228213374,
          0.9285131070416455
        ],
        [
          1.1716980196658715,
          0.9480196197902703,
          0.9439578049482551,
          0.94788950572599,
          0.9472467614046162,
          0.8957966171275429,
          0.9481815655320662,
          0.947964366454418,
          0.9470609043724288,
          0.9478689373716799,
          0.9499585741137635,
          0.9472962022539512,
          0.947956101943251,
          0.94744241616762,
          0.9479232905836806,
          0.9517439205068478,
          0.9452266140401677,
          0.9480364967373061,
          0.9466319488264703,
          0.9451187904418714,
          0.0,
          0.9478889085188663,
          0.9505750024913798,
          0.9473376168395526,
          0.9475208141443284,
          0.9475236718348385,
          0.948497362854276,
          0.9321569726518057,
          0.9993860462986863,
          1.1827090714166602,
          0.9478175977366348,
          0.9253140703468854
        ],
        [
          0.9465112833509676,
          0.9478670404390084,
          0.9443082190297862,
          0.9477156365966404,
          0.9471810046219844,
          1.3514083964757806,
          0.9482666683972587,
          0.9477956624012135,
          0.9470213121256797,
          0.9477388816683695,
          0.9496587042345473,
          0.9473112109203656,
          0.9478149760476916,
          0.948098682183183,
          0.9477978483690745,
          0.9513336728832117,
          0.9449094964166264,
          0.9478832427095872,
          0.9467182319980495,
          0.9452772157449056,
          0.9478889085188663,
          0.0,
          0.9502633966414377,
          0.9472434195815945,
          0.9474422783459427,
          0.9474321890352347,
          0.9478284286322609,
          0.9343096911383053,
          0.9441876088685157,
          0.9462638904920734,
          0.9476917725107578,
          0.9277271006961253
        ],
        [
          0.949279784940374,
          0.9505470010026773,
          0.9460052237917485,
          0.9503805608843299,
          0.9499483474494194,
          0.9087276356284507,
          1.0567502320592679,
          0.9506424513785154,
          0.9511389370318044,
          0.9504882792698314,
          1.4005644434588644,
          0.9495577338321308,
          0.9505024309771988,
          0.9947842181232716,
          0.9502976335105111,
          1.1000891507077233,
          0.9486452023749464,
          1.4313149135873686,
          0.9495217951059479,
          0.9507674426298813,
          0.9505750024913798,
          0.9502633966414377,
          0.0,
          0.9502731653285619,
          0.9506710469837978,
          0.9504465513242064,
          0.9505010584667396,
          0.965084639933348,
          0.947562348055652,
          0.9487357820412593,
          0.9507142629501611,
          0.928048826541205
        ],
        [
          0.9459588544014332,
          0.9472979879076344,
          0.9433441247516535,
          0.9471114543368175,
          0.9481555156308216,
          0.8955155467625726,
          0.9481230947776698,
          0.9475664368175664,
          0.946321627399835,
          1.02521198974111,
          0.9494835653327441,
          1.3991984154850716,
          0.9472811512625446,
          0.9650621755129679,
          0.9472789109106486,
          0.9515662307251004,
          1.06647273134054,
          0.9473092527281094,
          1.4202537782631375,
          1.706976123157788,
          0.9473376168395526,
          0.9472434195815945,
          0.9502731653285619,
          0.0,
          0.9468525184208614,
          0.9468066754282193,
          0.9473210132696649,
          1.2771105525464332,
          1.4163104288879305,
          0.9456161217976762,
          0.9480920940004455,
          0.9242237639223924
        ],
        [
          0.9462004871715035,
          0.9474998987121951,
          0.9437719930476356,
          0.9473328363018534,
          0.9468343277612554,
          0.9040735495504755,
          0.9489827858978267,
          0.9474197500963477,
          0.9465931315282081,
          0.9473919524636268,
          0.9497584971013484,
          0.947065360759712,
          0.9474605109176185,
          1.3953850101617002,
          0.9474753362039187,
          0.9520078836367933,
          0.94476977218747,
          0.9475231027411014,
          0.9464466040832931,
          0.9499586921574418,
          0.9475208141443284,
          0.9474422783459427,
          0.9506710469837978,
          0.9468525184208614,
          0.0,
          0.9470637302601902,
          0.9474571149230236,
          1.4166403358615676,
          0.9437815486089245,
          0.9457912774300551,
          0.9474574074344547,
          0.9259225638622315
        ],
        [
          0.946081342732262,
          0.947501333631965,
          0.9436784903664626,
          0.9473317995705965,
          0.9467779731979397,
          0.8969843762417481,
          0.9484350436517512,
          1.421105474845151,
          1.4204664402853742,
          0.9474169515201716,
          0.9496471211845059,
          0.9469980560443494,
          0.947449820720738,
          1.418843178935208,
          0.9474658886186104,
          0.951723707032737,
          0.9443573808003348,
          0.9475210934900848,
          0.946332091120581,
          0.9452279110974778,
          0.9475236718348385,
          0.9474321890352347,
          0.9504465513242064,
          0.9468066754282193,
          0.9470637302601902,
          0.0,
          0.9474586668563404,
          0.9331414691157728,
          0.9434019923785999,
          0.9457462361228819,
          0.9473415278554691,
          0.9254396000972516
        ],
        [
          0.948414793454853,
          0.9479504640441322,
          0.9439659962795366,
          0.9478638960888213,
          0.9471322252452968,
          0.8961652756293753,
          0.948134884945363,
          0.9479429107145706,
          0.9469975484061119,
          0.9478011557050033,
          0.9498836551103144,
          0.9472592979487825,
          0.9478888918234147,
          0.9474936098566505,
          0.9478626537996072,
          0.9516666863455676,
          0.9452882067587117,
          0.9479667981943033,
          0.9465955838922409,
          0.945162303052968,
          0.948497362854276,
          0.9478284286322609,
          0.9505010584667396,
          0.9473210132696649,
          0.9474571149230236,
          0.9474586668563404,
          0.0,
          0.9323648412969455,
          1.1868701103549224,
          1.3614359161476588,
          0.9477483457687832,
          0.9254343550819127
        ],
        [
          1.001237797252463,
          0.93231575287699,
          0.936994762719695,
          0.9319349933822418,
          0.9415265413706965,
          5.765331693856893,
          1.0364868065027129,
          0.9330580282977222,
          0.9334411840602551,
          0.9440817089807061,
          0.949235349342294,
          0.9416863676903922,
          0.9334882194951047,
          3.136879234834468,
          0.9343244354936672,
          0.9719075704288032,
          3.1313746293980946,
          0.9326580951928903,
          2.6555055952410553,
          1.609593786622972,
          0.9321569726518057,
          0.9343096911383053,
          0.965084639933348,
          1.2771105525464332,
          1.4166403358615676,
          0.9331414691157728,
          0.9323648412969455,
          0.0,
          2.604454577007596,
          0.9335808531768114,
          1.2141271866778662,
          2.813774141286862
        ],
        [
          1.0784178612554232,
          0.9434019989831022,
          1.4195441990370172,
          0.9433482344269709,
          0.9439749439670405,
          2.6649116653080442,
          0.9507739678701516,
          1.4150425004929348,
          0.942947465121069,
          0.9436121006685677,
          0.9459663672556146,
          0.947034419148026,
          0.943538678920278,
          1.2001758175837607,
          0.9442097767431902,
          0.9488784399407102,
          1.1895500580018468,
          0.9434105628138206,
          0.9465221821279065,
          0.9686512970059321,
          0.9993860462986863,
          0.9441876088685157,
          0.947562348055652,
          1.4163104288879305,
          0.9437815486089245,
          0.9434019923785999,
          1.1868701103549224,
          2.604454577007596,
          0.0,
          1.6188782005034232,
          0.9437349095066708,
          1.8604217514206394
        ],
        [
          1.3315494751126118,
          0.9461898876298063,
          0.9429312256662911,
          1.4199250478760443,
          0.9459233994711136,
          0.8975965130937099,
          0.9465354515396556,
          0.9462078309677403,
          0.945291592709534,
          0.9461434440073111,
          0.9480961119965334,
          0.9462202905585992,
          0.9461570770403243,
          0.9486606690177665,
          0.9462970559835142,
          0.9498868936748991,
          1.421501940333306,
          0.9461902416777228,
          0.9454971959370138,
          1.3926931711402244,
          1.1827090714166602,
          0.9462638904920734,
          0.9487357820412593,
          0.9456161217976762,
          0.9457912774300551,
          0.9457462361228819,
          1.3614359161476588,
          0.9335808531768114,
          1.6188782005034232,
          0.0,
          0.9461034829114012,
          0.9251382870030281
        ],
        [
          0.9464977813095724,
          0.9477937829168309,
          0.9437517247865543,
          0.9476196963142102,
          0.9517193998908672,
          0.8965779910515631,
          0.972270852476126,
          0.9483378798510483,
          1.9069666957413556,
          0.9636048632357075,
          0.9499431447411306,
          0.9474666881876083,
          0.947881482860874,
          0.9501038593303177,
          0.9477266540904492,
          0.951996932519376,
          0.945594048207999,
          0.9478135158800085,
          0.9486368912776546,
          1.2923348228213374,
          0.9478175977366348,
          0.9476917725107578,
          0.9507142629501611,
          0.9480920940004455,
          0.9474574074344547,
          0.9473415278554691,
          0.9477483457687832,
          1.2141271866778662,
          0.9437349095066708,
          0.9461034829114012,
          0.0,
          0.9252276126336012
        ],
        [
          0.9265978075597355,
          0.925371584863938,
          8.452166126806555,
          0.925124334353201,
          0.926218205674839,
          3.1653908210397943,
          0.9272548349321209,
          0.9245148091192719,
          0.9250336250478968,
          0.9253772661036994,
          0.9271360880932644,
          0.933320870346548,
          0.925651371333612,
          0.9425676421957148,
          0.9277500964944205,
          0.9292327025637863,
          0.9260138976048397,
          0.9252470284196854,
          0.9320467526157764,
          0.9285131070416455,
          0.9253140703468854,
          0.9277271006961253,
          0.928048826541205,
          0.9242237639223924,
          0.9259225638622315,
          0.9254396000972516,
          0.9254343550819127,
          2.813774141286862,
          1.8604217514206394,
          0.9251382870030281,
          0.9252276126336012,
          0.0
        ]
      ]
    }
  },
  "nodes": {
    "003/XM/2010": {
      "country": "China",
      "country_confidence": {
        "China": 1.0
      },
      "country_entropy": -1.000088900581841e-12
    },
    "01011Y": {
      "country": "China",
      "country_confidence": {
        "China": 1.0
      },
      "country_entropy": -1.000088900581841e-12
    },
    "02363_Thai_02": {
      "country": "Thailand",
      "country_confidence": {
        "Thailand": 1.0
      },
      "country_entropy": -1.000088900581841e-12
    },
    "02_0_023": {
      "country": "Viet Nam",
      "country_confidence": {
        "Viet Nam": 1.0
      },
      "country_entropy": -1.000088900581841e-12
    },
    "02_0_024": {
      "country": "Viet Nam",
      "country_confidence": {
        "Viet Nam": 1.0
      },
      "country_entropy": -1.000088900581841e-12
    },
    "02_0_035": {
      "country": "Viet Nam",
      "country_confidence": {
        "Viet Nam": 1.0
      },
      "country_entropy": -1.000088900581841e-12
    },
    "02_0_049": {
      "country": "Viet Nam",
      "country_confidence": {
        "Viet Nam": 1.0
      },
      "country_entropy": -1.000088900581841e-12
    },
    "02_0_060": {
      "country": "Viet Nam",
      "country_confidence": {
        "Viet Nam": 0.9999999999999999
      },
      "country_entropy": -9.99866855976916e-13
    },
    "02_0_065": {
      "country": "Viet Nam",
      "country_confidence": {
        "Viet Nam": 1.0
      },
      "country_entropy": -1.000088900581841e-12
    },
    "02_0_068": {
      "country": "Viet Nam",
      "country_confidence": {
        "Viet Nam": 1.0
      },
      "country_entropy": -1.000088900581841e-12
    },
    "02_0_070": {
      "country": "Viet Nam",
      "country_confidence": {
        "Viet Nam": 1.0
      },
      "country_entropy": -1.000088900581841e-12
    },
    "02_0_071": {
      "country": "Viet Nam",
      "country_confidence": {
        "Viet Nam": 1.0
      },
      "country_entropy": -1.000088900581841e-12
    },
    "02_0_072": {
      "country": "Viet Nam",
      "country_confidence": {
        "Viet Nam": 1.0
      },
      "country_entropy": -1.000088900581841e-12
    },
    "02_0_079": {
      "country": "Viet Nam",
      "country_confidence": {
        "Viet Nam": 1.0
      },
      "country_entropy": -1.000088900581841e-12
    },
    "02_0_083": {
      "country": "Viet Nam",
      "country_confidence": {
        "Viet Nam": 1.0
      },
      "country_entropy": -1.000088900581841e-12
    },
    "02_0_090": {
      "country": "Viet Nam",
      "country_confidence": {
        "Viet Nam": 0.9999999999999999
      },
      "country_entropy": -9.99866855976916e-13
    },
    "02_1_005": {
      "country": "Viet Nam",
      "country_confidence": {
        "Viet Nam": 0.9999999999999999
      },
      "country_entropy": -9.99866855976916e-13
    },
    "02_1_008": {
      "country": "Viet Nam",
      "country_confidence": {
        "Viet Nam": 1.0
      },
      "country_entropy": -1.000088900581841e-12
    },
    "02_1_042": {
      "country": "Viet Nam",
      "country_confidence": {
        "Viet Nam": 1.0
      },
      "country_entropy": -1.000088900581841e-12
    },
    "02_1_043": {
      "country": "Viet Nam",
      "country_confidence": {
        "Viet Nam": 0.9999999999999999
      },
      "country_entropy": -9.99866855976916e-13
    },
    "02_1_055": {
      "country": "Viet Nam",
      "country_confidence": {
        "Viet Nam": 1.0
      },
      "country_entropy": -1.000088900581841e-12
    },
    "02_1_065": {
      "country": "Viet Nam",
      "country_confidence": {
        "Viet Nam": 1.0
      },
      "country_entropy": -1.000088900581841e-12
    },
    "02_1_067": {
      "country": "Viet Nam",
      "country_confidence": {
        "Viet Nam": 1.0
      },
      "country_entropy": -1.000088900581841e-12
    },
    "03_0_002": {
      "country": "Viet Nam",
      "country_confidence": {
        "Viet Nam": 0.9999999999999999
      },
      "country_entropy": -9.99866855976916e-13
    },
    "03_0_003": {
      "country": "Viet Nam",
      "country_confidence": {
        "Viet Nam": 0.9999999999999999
      },
      "country_entropy": -9.99866855976916e-13
    },
    "03_KOR_00": {
      "country": "South Korea",
      "country_confidence": {
        "South Korea": 0.9999999999999999
      },
      "country_entropy": -9.99866855976916e-13
    },
    "06_KOR_00": {
      "country": "South Korea",
      "country_confidence": {
        "South Korea": 0.9999999999999999
      },
      "country_entropy": -9.99866855976916e-13
    },
    "0964/SYD/98": {
      "country": "Australia",
      "country_confidence": {
        "Australia": 1.0
      },
      "country_entropy": -1.000088900581841e-12
    },
    "1/SHENZHEN/08/China/HFMD/2008": {
      "country": "China",
      "country_confidence": {
        "China": 1.0
      },
      "country_entropy": -1.000088900581841e-12
    },
    "100_p0": {
      "country": "China",
      "country_confidence": {
        "China": 1.0
      },
      "country_entropy": -1.000088900581841e-12
    },
    "100_p12": {
      "country": "China",
      "country_confidence": {
        "China": 0.9999999999999999
      },
      "country_entropy": -9.99866855976916e-13
    },
    "100_p17_T1": {
      "country": "China",
      "country_confidence": {
        "China": 0.9999999999999999
      },
      "country_entropy": -9.99866855976916e-13
    },
    "100_p17_T2": {
      "country": "China",
      "country_confidence": {
        "China": 1.0
      },
      "country_entropy": -1.000088900581841e-12
    },
    "100_p17_T3": {
      "country": "China",
      "country_confidence": {
        "China": 1.0
      },
      "country_entropy": -1.000088900581841e-12
    },
    "100_p31_T1": {
      "country": "China",
      "country_confidence": {
        "China": 0.9999999999999999
      },
      "country_entropy": -9.99866855976916e-13
    },
    "100_p31_T2": {
      "country": "China",
      "country_confidence": {
        "China": 1.0
      },
      "country_entropy": -1.000088900581841e-12
    },
    "100_p31_T3": {
      "country": "China",
      "country_confidence": {
        "China": 0.9999999999999999
      },
      "country_entropy": -9.99866855976916e-13
    },
    "100_p35_T1": {
      "country": "China",
      "country_confidence": {
        "China": 0.9999999999999999
      },
      "country_entropy": -9.99866855976916e-13
    },
    "100_p35_T2": {
      "country": "China",
      "country_confidence": {
        "China": 0.9999999999999999
      },
      "country_entropy": -9.99866855976916e-13
    },
    "100_p35_T3": {
      "country": "China",
      "country_confidence": {
        "China": 0.9999999999999999
      },
      "country_entropy": -9.99866855976916e-13
    },
    "100_p36_T1": {
      "country": "China",
      "country_confidence": {
        "China": 0.9999999999999999
      },
      "country_entropy": -9.99866855976916e-13
    },
    "100_p36_T2": {
      "country": "China",
      "country_confidence": {
        "China": 1.0
      },
      "country_entropy": -1.000088900581841e-12
    },
    "100_p36_T3": {
      "country": "China",
      "country_confidence": {
        "China": 1.0
      },
      "country_entropy": -1.000088900581841e-12
    },
    "10118": {
      "country": "Netherlands",
      "country_confidence": {
        "Netherlands": 1.0
      },
      "country_entropy": -1.000088900581841e-12
