{
  "generated_by": {
    "program": "augur",
    "version": "13.0.2"
  },
  "models": {
    "country": {
      "alphabet": [
        "Australia",
        "Austria",
        "Brunei",
        "Cambodia",
        "China",
        "Croatia",
        "Finland",
        "France",
        "Georgia",
        "Germany",
        "Guinea",
        "Hong Kong",
        "Hungary",
        "India",
        "Indonesia",
        "Italy",
        "Japan",
        "Kazakhstan",
        "Malaysia",
        "Mauritania",
        "Na",
        "Netherlands",
        "Philippines",
        "Poland",
        "Russia",
        "Senegal",
        "Singapore",
        "South Korea",
        "Spain",
        "Taiwan",
        "Thailand",
        "Tunisia",
        "United Kingdom",
        "Viet Nam",
        "?"
      ],
      "equilibrium_probabilities": [
        0.030904566941884044,
        0.03444945940943249,
        0.03559539989837271,
        0.03209512258719879,
        0.02325228933467571,
        0.03468427687070866,
        0.03263682158996758,
        0.02540039457770054,
        0.0342600508638106,
        0.025845180394813313,
        0.03444833466589835,
        0.015512495414086697,
        0.03539727031028306,
        0.03439533794324628,
        0.033484953000498564,
        0.0354454519175492,
        0.017885192663169517,
        0.03481038865142332,
        0.026004184021167994,
        0.03470730861716098,
        0.022018143493462306,
        0.01990386948028473,
        0.03305385837072195,
        0.031228869989475813,
        0.02057175011337724,
        0.03486063497007008,
        0.03553952316177636,
        0.02982628739517689,
        0.03417740305769218,
        0.011645001228577126,
        0.02636137737262155,
        0.033875009677139176,
        0.03486456245640025,
        0.020859229560176006
      ],
      "rate": 10.40380210531815,
      "transition_matrix": [
        [
          0.0,
          0.8997497431276634,
          0.8988430734448855,
          0.8997131823748744,
          0.7830808796223363,
          0.8996257500825832,
          0.8991989080387425,
          0.8947538489481612,
          0.899756001068045,
          0.8932573476590611,
          0.9000755130578428,
          0.8996732778334484,
          0.8996840259504277,
          0.8965388154970338,
          0.8992820094916525,
          0.8995525052912582,
          0.885303158017506,
          0.8996868533403571,
          0.8880897895464038,
          0.8999966928164782,
          1.7785950832600466,
          2.1588748167999556,
          0.8974349576968729,
          0.8994597292095194,
          0.896105932830034,
          0.8999200942876473,
          0.8975859649952972,
          0.8991850596035154,
          0.8995693886189948,
          0.8733803897719078,
          0.8895106193027568,
          0.8995755836492424,
          0.8995379667454393,
          0.8656001286182106
        ],
        [
          0.8997497431276634,
          0.0,
          0.9001586664568657,
          0.9009777486705296,
          0.7765007779635209,
          0.9010138125389023,
          0.9004159857530574,
          0.8946596421749317,
          0.9010816386604354,
          1.2750612395965446,
          0.901504399001878,
          0.9001468592007577,
          0.9011286864721448,
          0.8965849696857825,
          0.9005569097823758,
          0.9009483416731998,
          0.9729918294246485,
          0.9010701759937255,
          0.8876542811063324,
          0.9014199746472564,
          0.8738717458295686,
          0.869498433327798,
          0.8984063452320932,
          0.9006899635788137,
          0.8962761728024087,
          0.9013371084601115,
          0.8987072115803713,
          0.9003151017269722,
          0.9009310020858861,
          0.8700208122289608,
          0.8893342976505328,
          0.9009462461043567,
          0.9009342450957631,
          0.8612735476915166
        ],
        [
          0.8988430734448855,
          0.9001586664568657,
          0.0,
          0.9000736279478204,
          0.7675388502134163,
          0.9000203380145094,
          0.8994466066358552,
          0.8934993646113711,
          0.9001203833893068,
          0.8924598225460195,
          0.9004798967631292,
          0.8996841711660097,
          0.9001004327731197,
          0.8954981906687027,
          0.8998131284293034,
          0.8999496727706405,
          0.8802647378257034,
          0.9000930537478967,
          5.78549918556147,
          0.9004058606027614,
          1.3087901067456564,
          0.8680317134837625,
          0.8973448177452173,
          0.8997658322843385,
          0.8955352684864121,
          0.9003355992032467,
          1.340101658858598,
          0.899423871794261,
          0.899921887240502,
          0.8689097255620336,
          0.8887905124382102,
          0.8999453934968478,
          0.8998986093598446,
          0.8596581686686603
        ],
        [
          0.8997131823748744,
          0.9009777486705296,
          0.9000736279478204,
          0.0,
          0.7792325593553507,
          0.9008576040366849,
          0.9002969375239431,
          0.8947488053883778,
          0.9009393435450809,
          0.8938406418359452,
          0.9012659272049467,
          0.9001359055519057,
          0.9009448745098046,
          0.8967538078571348,
          0.9004575029930073,
          0.9008096931429614,
          0.883465651759744,
          0.9009259259511851,
          0.8884274302014726,
          0.9012041994836357,
          0.8756130970334394,
          0.8724038342055271,
          0.8984048782690344,
          0.9005553947346925,
          0.8964944571584795,
          0.9011445107839006,
          0.8987083125142153,
          0.9002172747042936,
          0.9007581365401234,
          0.87205638130243,
          0.8900291474742943,
          0.9007738424201172,
          0.9007514948574578,
          2.1598823211516067
        ],
        [
          0.7830808796223363,
          0.7765007779635209,
          0.7675388502134163,
          0.7792325593553507,
          0.0,
          0.7707596808427761,
          0.7774425363168906,
          1.2815135270520108,
          0.7722371936268716,
          2.4260797635298306,
          0.7722694583775611,
          5.68078011540659,
          0.7685279893847831,
          0.7699654590977792,
          0.7745200817374295,
          0.7683316452461451,
          4.850024852808659,
          0.7703957602067971,
          0.7946190470438771,
          0.7712608524215266,
          2.614644533878816,
          0.9712906574589348,
          0.7751451386653242,
          1.172747713130265,
          3.6799619323172217,
          0.7705796694991799,
          0.7673784500293958,
          1.231131313457202,
          0.7725032206192538,
          6.4626040037497114,
          1.979463525865025,
          0.8441072364681708,
          0.7704798301621238,
          3.1371656334089364
        ],
        [
          0.8996257500825832,
          0.9010138125389023,
          0.9000203380145094,
          0.9008576040366849,
          0.7707596808427761,
          0.0,
          0.9002596628406017,
          0.8942838071549033,
          0.9009545362325374,
          1.3402869083947293,
          0.9013488811849877,
          0.9000677464820218,
          0.9009624350301422,
          0.8964398216627263,
          0.9004291073660522,
          0.9008157018886056,
          0.8809884643526932,
          0.9009407021342075,
          0.887414118833509,
          0.9012721137324494,
          0.8735281491862544,
          0.8688658144801169,
          0.8982143848152587,
          0.9005383058003077,
          0.8961398030746139,
          0.9011962289527901,
          0.8985437151381336,
          0.9001699349859356,
          0.90076711788588,
          0.8697600476050164,
          0.8891485496647963,
          0.9007819823680229,
          0.9007754424392941,
          0.8608618132113265
        ],
        [
          0.8991989080387425,
          0.9004159857530574,
          0.8994466066358552,
          0.9002969375239431,
          0.7774425363168906,
          0.9002596628406017,
          0.0,
          0.9070333307345397,
          1.145515242167521,
          1.6202993830619667,
          0.9008649591467796,
          0.8998976365771784,
          0.9003364397162844,
          0.8967648347491848,
          0.8998701743647362,
          0.9001970593481713,
          0.8842609438661463,
          0.9003255937011821,
          0.8877709633361047,
          0.9007401492348136,
          0.8753006991188149,
          1.8919878399605605,
          0.8978861163323583,
          0.9000144828340806,
          0.8963687049406239,
          0.9006236849511832,
          0.8981061786488523,
          0.8996900483951031,
          0.9004379867016064,
          0.8714898601576477,
          0.8894298120817484,
          0.9002026934695936,
          0.9008046264151773,
          1.295184581108072
        ],
        [
          0.8947538489481612,
          0.8946596421749317,
          0.8934993646113711,
          0.8947488053883778,
          1.2815135270520108,
          0.8942838071549033,
          0.9070333307345397,
          0.0,
          0.8946506153659829,
          5.386068811397954,
          0.8966941194162028,
          1.006443059428025,
          0.8942428384589887,
          1.1816000418033243,
          0.8941739703590105,
          1.7882049935734252,
          1.6345657440163417,
          0.8942891953908121,
          0.8865566255307512,
          0.8958547691434428,
          0.8834752812504413,
          6.465264490320703,
          0.893571279248419,
          0.8951464959761817,
          1.7977083429367526,
          0.8951846632329232,
          0.9997637768116582,
          0.8947548435896387,
          0.8996149916546416,
          0.8768257095132459,
          1.3649553926352889,
          1.7896895181073944,
          1.3521870556629756,
          0.8734208870020381
        ],
        [
          0.899756001068045,
          0.9010816386604354,
          0.9001203833893068,
          0.9009393435450809,
          0.7722371936268716,
          0.9009545362325374,
          1.145515242167521,
          0.8946506153659829,
          0.0,
          0.8936993911938989,
          0.9013989298129268,
          0.9001313850650094,
          0.9010501471960256,
          0.8967464850974671,
          0.90051937622484,
          0.9009059360738795,
          0.8815029505756676,
          0.9010278787746269,
          0.887641303789401,
          0.9013318123703565,
          0.8741164105609387,
          1.0787437524247334,
          0.8983595823787747,
          0.9006203626456071,
          0.8962864790759081,
          0.9012660345374728,
          0.8986762963515346,
          0.9002526211434972,
          0.9008573030758903,
          0.870191412856907,
          0.8893560050428464,
          0.9008610627908279,
          0.9008473330530219,
          0.861594603429453
        ],
        [
          0.8932573476590611,
          1.2750612395965446,
          0.8924598225460195,
          0.8938406418359452,
          2.4260797635298306,
          1.3402869083947293,
          1.6202993830619667,
          5.386068811397954,
          0.8936993911938989,
          0.0,
          0.9413060891228885,
          0.897427678555049,
          1.7863951227174968,
          0.8959807895113212,
          0.8932211579786895,
          0.8931151908744602,
          1.9699431183518976,
          0.8933056382631093,
          0.8855177999850007,
          0.9215226710738046,
          0.878135615425285,
          3.0289906793337176,
          0.8922253297441103,
          1.7960000663431441,
          1.628660087558867,
          0.9076677764528929,
          0.8918594741387043,
          0.893975002758527,
          1.172678245359109,
          0.875568139978407,
          1.2115146809025445,
          1.3388771283243668,
          1.1142339257441696,
          0.8697318759250684
        ],
        [
          0.9000755130578428,
          0.901504399001878,
          0.9004798967631292,
          0.9012659272049467,
          0.7722694583775611,
          0.9013488811849877,
          0.9008649591467796,
          0.8966941194162028,
          0.9013989298129268,
          0.9413060891228885,
          0.0,
          0.9003241701142675,
          0.9014958170653086,
          0.8969281635384652,
          0.9008579149283998,
          0.9012698062906741,
          1.0917674470579652,
          0.9013822061256855,
          0.8882680990754004,
          1.150951938351084,
          0.8747861047670458,
          0.8913316132585789,
          0.8990236719032586,
          0.9010120645368832,
          0.8965526754103262,
          1.0333383591417904,
          0.8991508017810624,
          0.9007592695654836,
          0.9014096633016895,
          0.8701866160553212,
          0.8895740918810225,
          0.9013321576946344,
          0.9268941046868484,
          0.861632764317163
        ],
        [
          0.8996732778334484,
          0.9001468592007577,
          0.8996841711660097,
          0.9001359055519057,
          5.68078011540659,
          0.9000677464820218,
          0.8998976365771784,
          1.006443059428025,
          0.9001313850650094,
          0.897427678555049,
          0.9003241701142675,
          0.0,
          0.9000904113920363,
          0.89823421530703,
          0.8999065094932582,
          0.9000597942402878,
          1.2429051850052986,
          0.9000971962435795,
          0.8944174516851235,
          0.9002761220838071,
          0.8891143595181354,
          1.0263702133795791,
          0.8989937578326707,
          0.9000294515497324,
          0.8985011821728559,
          0.900228398231929,
          1.3367821945206781,
          0.8999448132000271,
          0.9000562714056286,
          0.8881426332720574,
          0.8951960458425867,
          0.9002759172092368,
          0.9000529678522285,
          0.882735494877122
        ],
        [
          0.8996840259504277,
          0.9011286864721448,
          0.9001004327731197,
          0.9009448745098046,
          0.7685279893847831,
          0.9009624350301422,
          0.9003364397162844,
          0.8942428384589887,
          0.9010501471960256,
          1.7863951227174968,
          0.9014958170653086,
          0.9000904113920363,
          0.0,
          0.8964528694122572,
          0.9005115108835117,
          0.9009118657485633,
          0.8806990939029526,
          0.9010376116826188,
          0.8872093923282971,
          0.9014076387285828,
          0.8730399820016179,
          0.8683263512387941,
          0.8982498194751473,
          0.9006170746388134,
          0.8960966128777678,
          0.9013186695768796,
          0.8985931369046526,
          0.9002363916455614,
          0.9008668852682928,
          0.8691695030895804,
          0.8889870134316744,
          0.9008805728226152,
          0.9008926293983829,
          0.8601349704486325
        ],
        [
          0.8965388154970338,
          0.8965849696857825,
          0.8954981906687027,
          0.8967538078571348,
          0.7699654590977792,
          0.8964398216627263,
          0.8967648347491848,
          1.1816000418033243,
          0.8967464850974671,
          0.8959807895113212,
          0.8969281635384652,
          0.89823421530703,
          0.8964528694122572,
          0.0,
          0.8961571437211213,
          0.8968901268368402,
          0.881425573060567,
          0.8964898306612469,
          0.884456841445197,
          0.8968181208008557,
          0.8738311310321415,
          1.4477166537906259,
          0.894319595107684,
          0.8965673993223728,
          0.894886284278637,
          0.8967252339763325,
          0.894311469883838,
          0.896311371241954,
          0.8965689259512288,
          0.8690230615168101,
          0.8863150394837946,
          0.8969560376842352,
          0.8966611912171311,
          0.8594519355665119
        ],
        [
          0.8992820094916525,
          0.9005569097823758,
          0.8998131284293034,
          0.9004575029930073,
          0.7745200817374295,
          0.9004291073660522,
          0.8998701743647362,
          0.8941739703590105,
          0.90051937622484,
          0.8932211579786895,
          0.9008579149283998,
          0.8999065094932582,
          0.9005115108835117,
          0.8961571437211213,
          0.0,
          0.90037005238362,
          0.8818593581161264,
          0.9004988147043003,
          1.3023978836658197,
          0.9007905719217926,
          0.8770876734870905,
          0.8701947077188191,
          0.8978921938269814,
          0.9001555603932931,
          0.8960501653514675,
          0.9007263857469369,
          0.898411299485335,
          0.899818491999565,
          0.9003314830508311,
          1.3359066510177031,
          0.8893395467815824,
          0.9003506628506391,
          0.9003163426325561,
          1.293172875545507
        ],
        [
          0.8995525052912582,
          0.9009483416731998,
          0.8999496727706405,
          0.9008096931429614,
          0.7683316452461451,
          0.9008157018886056,
          0.9001970593481713,
          1.7882049935734252,
          0.9009059360738795,
          0.8931151908744602,
          0.9012698062906741,
          0.9000597942402878,
          0.9009118657485633,
          0.8968901268368402,
          0.90037005238362,
          0.0,
          0.8805719110146301,
          0.90089111079163,
          0.8870848368780344,
          0.9012009621585649,
          0.8729198364072395,
          0.8688376358678719,
          0.8981081048680701,
          0.9004832520956937,
          0.8960094904835718,
          0.9011341273603775,
          0.8984768725296819,
          0.9001099694636289,
          0.9007062967624768,
          0.869083450463102,
          0.8888524962822026,
          0.9008003545091438,
          0.9007012559798672,
          0.8600184232969446
        ],
        [
          0.885303158017506,
          0.9729918294246485,
          0.8802647378257034,
          0.883465651759744,
          4.850024852808659,
          0.8809884643526932,
          0.8842609438661463,
          1.6345657440163417,
          0.8815029505756676,
          1.9699431183518976,
          1.0917674470579652,
          1.2429051850052986,
          0.8806990939029526,
          0.881425573060567,
          0.8818593581161264,
          0.8805719110146301,
          0.0,
          0.8808914294450375,
          3.0966035261596634,
          1.0031423145632405,
          3.898370881028809,
          4.252421770695359,
          2.070473497731287,
          0.8836846503602476,
          0.8892511465304208,
          0.9422827052461414,
          1.3194991827837166,
          2.19757208603011,
          1.3266389633897364,
          1.5095737554213497,
          0.8820478477478002,
          1.0977984095934765,
          1.0406058612926168,
          1.5172690838842324
        ],
        [
          0.8996868533403571,
          0.9010701759937255,
          0.9000930537478967,
          0.9009259259511851,
          0.7703957602067971,
          0.9009407021342075,
          0.9003255937011821,
          0.8942891953908121,
          0.9010278787746269,
          0.8933056382631093,
          0.9013822061256855,
          0.9000971962435795,
          0.9010376116826188,
          0.8964898306612469,
          0.9004988147043003,
          0.90089111079163,
          0.8808914294450375,
          0.0,
          0.8874194828093108,
          0.9013161480672448,
          0.8734912608063952,
          0.8687740546151153,
          0.8982746649636922,
          0.9006020191872174,
          1.344369964094863,
          0.9012520884255827,
          0.8986106290337976,
          0.9002307733725697,
          0.9008311502681855,
          0.8696731620722699,
          0.8891536882175173,
          0.9008464801182563,
          0.900826004861334,
          0.8607577186100311
        ],
        [
          0.8880897895464038,
          0.8876542811063324,
          5.78549918556147,
          0.8884274302014726,
          0.7946190470438771,
          0.887414118833509,
          0.8877709633361047,
          0.8865566255307512,
          0.887641303789401,
          0.8855177999850007,
          0.8882680990754004,
          0.8944174516851235,
          0.8872093923282971,
          0.884456841445197,
          1.3023978836658197,
          0.8870848368780344,
          3.0966035261596634,
          0.8874194828093108,
          0.0,
          0.8880315446941396,
          9.379897337628403,
          0.8790792388571634,
          0.8863137074241084,
          0.8885046496287414,
          0.8896462427606794,
          0.8878017590366977,
          4.622286211704331,
          0.8887832273880872,
          0.8875525354851136,
          2.714517103580363,
          2.9774918593453696,
          0.8877877780195041,
          0.887404815140332,
          2.054674432257415
        ],
        [
          0.8999966928164782,
          0.9014199746472564,
          0.9004058606027614,
          0.9012041994836357,
          0.7712608524215266,
          0.9012721137324494,
          0.9007401492348136,
          0.8958547691434428,
          0.9013318123703565,
          0.9215226710738046,
          1.150951938351084,
          0.9002761220838071,
          0.9014076387285828,
          0.8968181208008557,
          0.9007905719217926,
          0.9012009621585649,
          1.0031423145632405,
          0.9013161480672448,
          0.8880315446941396,
          0.0,
          0.8743482924490602,
          0.882083503464019,
          0.8988628254291571,
          0.900930686837107,
          0.896442663632894,
          1.2983045453448598,
          0.899038484199948,
          0.9006514916789754,
          0.9012904923114925,
          0.869922891672828,
          0.8894308518198278,
          0.9012326579211996,
          0.9159952500339185,
          0.8612173663215525
        ],
        [
          1.7785950832600466,
          0.8738717458295686,
          1.3087901067456564,
          0.8756130970334394,
          2.614644533878816,
          0.8735281491862544,
          0.8753006991188149,
          0.8834752812504413,
          0.8741164105609387,
          0.878135615425285,
          0.8747861047670458,
          0.8891143595181354,
          0.8730399820016179,
          0.8738311310321415,
          0.8770876734870905,
          0.8729198364072395,
          3.898370881028809,
          0.8734912608063952,
          9.379897337628403,
          0.8743482924490602,
          0.0,
          8.361598346540276,
          0.8759467447029132,
          0.8760789347311047,
          1.1977002610995304,
          0.8739621053346084,
          1.3056372109519174,
          0.8770773670133443,
          0.8741110488478376,
          23.64712409568923,
          0.8742755581025754,
          0.874529196045271,
          0.8738052120230577,
          1.0580273671963951
        ],
        [
          2.1588748167999556,
          0.869498433327798,
          0.8680317134837625,
          0.8724038342055271,
          0.9712906574589348,
          0.8688658144801169,
          1.8919878399605605,
          6.465264490320703,
          1.0787437524247334,
          3.0289906793337176,
          0.8913316132585789,
          1.0263702133795791,
          0.8683263512387941,
          1.4477166537906259,
          0.8701947077188191,
          0.8688376358678719,
          4.252421770695359,
          0.8687740546151153,
          0.8790792388571634,
          0.882083503464019,
          8.361598346540276,
          0.0,
          1.1166182365289299,
          0.872162600563201,
          2.504051308147095,
          0.8755287235568765,
          1.001968069612127,
          0.8742108611453498,
          1.0840134787329718,
          1.7077172072035918,
          0.984041558770872,
          0.8715866149094978,
          0.9771166297165074,
          1.094023976046003
        ],
        [
          0.8974349576968729,
          0.8984063452320932,
          0.8973448177452173,
          0.8984048782690344,
          0.7751451386653242,
          0.8982143848152587,
          0.8978861163323583,
          0.893571279248419,
          0.8983595823787747,
          0.8922253297441103,
          0.8990236719032586,
          0.8989937578326707,
          0.8982498194751473,
          0.894319595107684,
          0.8978921938269814,
          0.8981081048680701,
          2.070473497731287,
          0.8982746649636922,
          0.8863137074241084,
          0.8988628254291571,
          0.8759467447029132,
          1.1166182365289299,
          0.0,
          0.8981682949684561,
          0.8949036702536493,
          0.8986864110379328,
          0.8960366554485776,
          0.8980206127442614,
          0.8982455594345411,
          0.8704871332241835,
          0.8877390742345402,
          0.8983071736589505,
          0.8982356584638119,
          0.8626517489172277
        ],
        [
          0.8994597292095194,
          0.9006899635788137,
          0.8997658322843385,
          0.9005553947346925,
          1.172747713130265,
          0.9005383058003077,
          0.9000144828340806,
          0.8951464959761817,
          0.9006203626456071,
          1.7960000663431441,
          0.9010120645368832,
          0.9000294515497324,
          0.9006170746388134,
          0.8965673993223728,
          0.9001555603932931,
          0.9004832520956937,
          0.8836846503602476,
          0.9006020191872174,
          0.8885046496287414,
          0.900930686837107,
          0.8760789347311047,
          0.872162600563201,
          0.8981682949684561,
          0.0,
          0.8964297820581902,
          0.9008498412901944,
          0.8984382820046778,
          0.8999614246877546,
          0.900461207921324,
          0.872706651853927,
          0.8900764132292979,
          0.9004987394143804,
          0.9004750719644327,
          0.8645683036457381
        ],
        [
          0.896105932830034,
          0.8962761728024087,
          0.8955352684864121,
          0.8964944571584795,
          3.6799619323172217,
          0.8961398030746139,
          0.8963687049406239,
          1.7977083429367526,
          0.8962864790759081,
          1.628660087558867,
          0.8965526754103262,
          0.8985011821728559,
          0.8960966128777678,
          0.894886284278637,
          0.8960501653514675,
          0.8960094904835718,
          0.8892511465304208,
          1.344369964094863,
          0.8896462427606794,
          0.896442663632894,
          1.1977002610995304,
          2.504051308147095,
          0.8949036702536493,
          0.8964297820581902,
          0.0,
          0.8963489551599756,
          0.8947658044284447,
          0.8964079777228736,
          0.897619951482936,
          0.8817091058415576,
          0.8904548317196753,
          0.8964143759980016,
          0.896636505385988,
          0.8753821093875345
        ],
        [
          0.8999200942876473,
          0.9013371084601115,
          0.9003355992032467,
          0.9011445107839006,
          0.7705796694991799,
          0.9011962289527901,
          0.9006236849511832,
          0.8951846632329232,
          0.9012660345374728,
          0.9076677764528929,
          1.0333383591417904,
          0.900228398231929,
          0.9013186695768796,
          0.8967252339763325,
          0.9007263857469369,
          0.9011341273603775,
          0.9422827052461414,
          0.9012520884255827,
          0.8878017590366977,
          1.2983045453448598,
          0.8739621053346084,
          0.8755287235568765,
          0.8986864110379328,
          0.9008498412901944,
          0.8963489551599756,
          0.0,
          0.8989229788629353,
          0.9005357789222548,
          0.9011661083919016,
          0.8697452130746127,
          0.889323580825721,
          0.9011345708784526,
          0.908547204331159,
          0.8609386418522542
        ],
        [
          0.8975859649952972,
          0.8987072115803713,
          1.340101658858598,
          0.8987083125142153,
          0.7673784500293958,
          0.8985437151381336,
          0.8981061786488523,
          0.9997637768116582,
          0.8986762963515346,
          0.8918594741387043,
          0.8991508017810624,
          1.3367821945206781,
          0.8985931369046526,
          0.894311469883838,
          0.898411299485335,
          0.8984768725296819,
          1.3194991827837166,
          0.8986106290337976,
          4.622286211704331,
          0.899038484199948,
          1.3056372109519174,
          1.001968069612127,
          0.8960366554485776,
          0.8984382820046778,
          0.8947658044284447,
          0.8989229788629353,
          0.0,
          0.8981555719732531,
          0.8984837128147232,
          1.5202640560576208,
          1.4668679371154343,
          0.8985838997785593,
          0.8984814895229949,
          1.2895181926756727
        ],
        [
          0.8991850596035154,
          0.9003151017269722,
          0.899423871794261,
          0.9002172747042936,
          1.231131313457202,
          0.9001699349859356,
          0.8996900483951031,
          0.8947548435896387,
          0.9002526211434972,
          0.893975002758527,
          0.9007592695654836,
          0.8999448132000271,
          0.9002363916455614,
          0.896311371241954,
          0.899818491999565,
          0.9001099694636289,
          2.19757208603011,
          0.9002307733725697,
          0.8887832273880872,
          0.9006514916789754,
          0.8770773670133443,
          0.8742108611453498,
          0.8980206127442614,
          0.8999614246877546,
          0.8964079777228736,
          0.9005357789222548,
          0.8981555719732531,
          0.0,
          0.9000952372149987,
          0.8738427734591789,
          0.8902613090279472,
          0.9002246226165636,
          0.9001472242828377,
          0.8664717326392283
        ],
        [
          0.8995693886189948,
          0.9009310020858861,
          0.899921887240502,
          0.9007581365401234,
          0.7725032206192538,
          0.90076711788588,
          0.9004379867016064,
          0.8996149916546416,
          0.9008573030758903,
          1.172678245359109,
          0.9014096633016895,
          0.9000562714056286,
          0.9008668852682928,
          0.8965689259512288,
          0.9003314830508311,
          0.9007062967624768,
          1.3266389633897364,
          0.9008311502681855,
          0.8875525354851136,
          0.9012904923114925,
          0.8741110488478376,
          1.0840134787329718,
          0.8982455594345411,
          0.900461207921324,
          0.897619951482936,
          0.9011661083919016,
          0.8984837128147232,
          0.9000952372149987,
          0.0,
          0.8702081604213464,
          0.8892500549857908,
          0.9007222203670935,
          0.9009905337048469,
          0.8619678073040553
        ],
        [
          0.8733803897719078,
          0.8700208122289608,
          0.8689097255620336,
          0.87205638130243,
          6.4626040037497114,
          0.8697600476050164,
          0.8714898601576477,
          0.8768257095132459,
          0.870191412856907,
          0.875568139978407,
          0.8701866160553212,
          0.8881426332720574,
          0.8691695030895804,
          0.8690230615168101,
          1.3359066510177031,
          0.869083450463102,
          1.5095737554213497,
          0.8696731620722699,
          2.714517103580363,
          0.869922891672828,
          23.64712409568923,
          1.7077172072035918,
          0.8704871332241835,
          0.872706651853927,
          0.8817091058415576,
          0.8697452130746127,
          1.5202640560576208,
          0.8738427734591789,
          0.8702081604213464,
          0.0,
          1.3169110373635708,
          0.8706157306127358,
          0.8696044753414516,
          3.397475416640939
        ],
        [
          0.8895106193027568,
          0.8893342976505328,
          0.8887905124382102,
          0.8900291474742943,
          1.979463525865025,
          0.8891485496647963,
          0.8894298120817484,
          1.3649553926352889,
          0.8893560050428464,
          1.2115146809025445,
          0.8895740918810225,
          0.8951960458425867,
          0.8889870134316744,
          0.8863150394837946,
          0.8893395467815824,
          0.8888524962822026,
          0.8820478477478002,
          0.8891536882175173,
          2.9774918593453696,
          0.8894308518198278,
          0.8742755581025754,
          0.984041558770872,
          0.8877390742345402,
          0.8900764132292979,
          0.8904548317196753,
          0.889323580825721,
          1.4668679371154343,
          0.8902613090279472,
          0.8892500549857908,
          1.3169110373635708,
          0.0,
          0.8894583668782097,
          0.889020118550653,
          2.7765904398082237
        ],
        [
          0.8995755836492424,
          0.9009462461043567,
          0.8999453934968478,
          0.9007738424201172,
          0.8441072364681708,
          0.9007819823680229,
          0.9002026934695936,
          1.7896895181073944,
          0.9008610627908279,
          1.3388771283243668,
          0.9013321576946344,
          0.9002759172092368,
          0.9008805728226152,
          0.8969560376842352,
          0.9003506628506391,
          0.9008003545091438,
          1.0977984095934765,
          0.9008464801182563,
          0.8877877780195041,
          0.9012326579211996,
          0.874529196045271,
          0.8715866149094978,
          0.8983071736589505,
          0.9004987394143804,
          0.8964143759980016,
          0.9011345708784526,
          0.8985838997785593,
          0.9002246226165636,
          0.9007222203670935,
          0.8706157306127358,
          0.8894583668782097,
          0.0,
          0.9007795769366144,
          0.86204489978425
        ],
        [
          0.8995379667454393,
          0.9009342450957631,
          0.8998986093598446,
          0.9007514948574578,
          0.7704798301621238,
          0.9007754424392941,
          0.9008046264151773,
          1.3521870556629756,
          0.9008473330530219,
          1.1142339257441696,
          0.9268941046868484,
          0.9000529678522285,
          0.9008926293983829,
          0.8966611912171311,
          0.9003163426325561,
          0.9007012559798672,
          1.0406058612926168,
          0.900826004861334,
          0.887404815140332,
          0.9159952500339185,
          0.8738052120230577,
          0.9771166297165074,
          0.8982356584638119,
          0.9004750719644327,
          0.896636505385988,
          0.908547204331159,
          0.8984814895229949,
          0.9001472242828377,
          0.9009905337048469,
          0.8696044753414516,
          0.889020118550653,
          0.9007795769366144,
          0.0,
          0.8608586847047779
        ],
        [
          0.8656001286182106,
          0.8612735476915166,
          0.8596581686686603,
          2.1598823211516067,
          3.1371656334089364,
          0.8608618132113265,
          1.295184581108072,
          0.8734208870020381,
          0.861594603429453,
          0.8697318759250684,
          0.861632764317163,
          0.882735494877122,
          0.8601349704486325,
          0.8594519355665119,
          1.293172875545507,
          0.8600184232969446,
          1.5172690838842324,
          0.8607577186100311,
          2.054674432257415,
          0.8612173663215525,
          1.0580273671963951,
          1.094023976046003,
          0.8626517489172277,
          0.8645683036457381,
          0.8753821093875345,
          0.8609386418522542,
          1.2895181926756727,
          0.8664717326392283,
          0.8619678073040553,
          3.397475416640939,
          2.7765904398082237,
          0.86204489978425,
          0.8608586847047779,
          0.0
        ]
      ]
    }
  },
  "nodes": {
    "001TS/NHP": {
      "country": "Viet Nam",
      "country_confidence": {
        "Viet Nam": 1.0
      },
      "country_entropy": -1.000088900581841e-12
    },
    "0029_WZH_GX_CHN_2017": {
      "country": "China",
      "country_confidence": {
        "China": 1.0
      },
      "country_entropy": -1.000088900581841e-12
    },
    "002TS/NHP": {
      "country": "Viet Nam",
      "country_confidence": {
        "Viet Nam": 1.0
      },
      "country_entropy": -1.000088900581841e-12
    },
    "0036_MAA_97": {
      "country": "Na",
      "country_confidence": {
        "Na": 1.0
      },
      "country_entropy": -1.000088900581841e-12
    },
    "003TS/NHP": {
      "country": "Viet Nam",
      "country_confidence": {
        "Viet Nam": 1.0
      },
      "country_entropy": -1.000088900581841e-12
    },
    "0042_MAA_00": {
      "country": "Na",
      "country_confidence": {
        "Na": 1.0
      },
      "country_entropy": -1.000088900581841e-12
    },
    "0042_WZH_GX_CHN_2017": {
      "country": "China",
      "country_confidence": {
        "China": 0.9999999999999999
      },
      "country_entropy": -9.99866855976916e-13
    },
    "0043_WZH_GX_CHN_2017": {
      "country": "China",
      "country_confidence": {
        "China": 0.9999999999999999
      },
      "country_entropy": -9.99866855976916e-13
    },
    "004TS/NHP": {
      "country": "Viet Nam",
      "country_confidence": {
        "Viet Nam": 1.0
      },
      "country_entropy": -1.000088900581841e-12
    },
    "0066_MAA_00": {
      "country": "Na",
      "country_confidence": {
        "Na": 1.0
      },
      "country_entropy": -1.000088900581841e-12
    },
    "0067_WZH_GX_CHN_2017": {
      "country": "China",
      "country_confidence": {
        "China": 1.0
      },
      "country_entropy": -1.000088900581841e-12
    },
    "0072_WZH_GX_CHN_2017": {
      "country": "China",
      "country_confidence": {
        "China": 0.9999999999999999
      },
      "country_entropy": -9.99866855976916e-13
    },
    "007TS/NHP": {
      "country": "Viet Nam",
      "country_confidence": {
        "Viet Nam": 1.0
      },
      "country_entropy": -1.000088900581841e-12
    },
    "0091_MAA_97": {
      "country": "Na",
      "country_confidence": {
        "Na": 1.0
      },
      "country_entropy": -1.000088900581841e-12
    },
    "0091_WZH_GX_CHN_2017": {
      "country": "China",
      "country_confidence": {
        "China": 1.0
      },
      "country_entropy": -1.000088900581841e-12
    },
    "0092_WZH_GX_CHN_2017": {
      "country": "China",
      "country_confidence": {
        "China": 1.0
      },
      "country_entropy": -1.000088900581841e-12
    },
    "0093_WZH_GX_CHN_2017": {
      "country": "China",
      "country_confidence": {
        "China": 1.0
      },
      "country_entropy": -1.000088900581841e-12
    },
    "009TS/NHP": {
      "country": "Viet Nam",
      "country_confidence": {
        "Viet Nam": 1.0
      },
      "country_entropy": -1.000088900581841e-12
    },
    "0115_WZH_GX_CHN_2017": {
      "country": "China",
      "country_confidence": {
        "China": 1.0
      },
      "country_entropy": -1.000088900581841e-12
    },
    "0117_WZH_GX_CHN_2017": {
      "country": "China",
      "country_confidence": {
        "China": 1.0
      },
      "country_entropy": -1.000088900581841e-12
    },
    "011RS/NHP": {
