{
  "generated_by": {
    "program": "augur",
    "version": "13.0.2"
  },
  "models": {
    "country": {
      "alphabet": [
        "Australia",
        "Austria",
        "Azerbaijan",
        "Brunei",
        "Cambodia",
        "Cameroon",
        "Central African Republic",
        "China",
        "Croatia",
        "Finland",
        "France",
        "Georgia",
        "Germany",
        "Guinea",
        "Hong Kong",
        "Hungary",
        "Iceland",
        "India",
        "Indonesia",
        "Italy",
        "Japan",
        "Kazakhstan",
        "Latvia",
        "Madagascar",
        "Malaysia",
        "Mauritania",
        "Na",
        "Netherlands",
        "Niger",
        "Norway",
        "Pakistan",
        "Peru",
        "Philippines",
        "Poland",
        "Russia",
        "Senegal",
        "Singapore",
        "South Korea",
        "Spain",
        "Taiwan",
        "Thailand",
        "Tunisia",
        "United Kingdom",
        "Usa",
        "Viet Nam",
        "?"
      ],
      "equilibrium_probabilities": [
        0.021806837004377567,
        0.0259258656995462,
        0.025673098303858558,
        0.02522480695163069,
        0.02421122604952033,
        0.0260447080592972,
        0.025878224114840486,
        0.016243769292125787,
        0.025711157911646385,
        0.023901820417554866,
        0.013667049429843413,
        0.026095494000392558,
        0.01952232011719095,
        0.02619175952487778,
        0.012261727475167315,
        0.025007708799148723,
        0.025810691228967484,
        0.025884182307062922,
        0.024812468274353006,
        0.026165219526654453,
        0.013254751949271282,
        0.025018671052205198,
        0.026093030904540293,
        0.025361340758611538,
        0.011540459861371317,
        0.026228528857296273,
        0.014716444030951445,
        0.010096593811000395,
        0.026117073941178594,
        0.025870081646997778,
        0.025815337699853835,
        0.025778824529591824,
        0.023082556064215675,
        0.023426977336389723,
        0.015739756116083137,
        0.026236574100950316,
        0.024634385300565803,
        0.02317565641364189,
        0.02599040831598468,
        0.006880597233787367,
        0.01999818543965404,
        0.025086864839457157,
        0.026369554828907328,
        0.02300120396135688,
        0.014446006518079502
      ],
      "rate": 11.74767341817069,
      "transition_matrix": [
        [
          0.0,
          0.9428140742251258,
          0.9429094499603813,
          0.9422461539700546,
          0.9427822723573182,
          0.9456405496301844,
          0.9468488231326855,
          0.8548999470214959,
          0.9427836664922001,
          0.9421092721261578,
          0.9354570425332729,
          0.943040010064924,
          0.9302171487136325,
          0.9431862428878411,
          0.9422979520573085,
          0.9428711730182153,
          0.942758931083029,
          0.936296432577192,
          0.9426697786362623,
          0.9427656389089173,
          1.167041605985434,
          0.9428666052911133,
          0.9428982515752895,
          0.9418394530930939,
          0.9335016347988604,
          0.9431098993268241,
          2.34276221055259,
          1.5357008385542832,
          0.9449708285407753,
          0.942932226661184,
          0.9436196029592148,
          0.942331831357678,
          0.941293853356253,
          0.9424694129497541,
          0.939802712537426,
          0.9430377055179859,
          0.9410474173738517,
          0.9423813487907511,
          0.9428022393564154,
          1.1036420568538012,
          0.9340622476561377,
          0.9426977725527278,
          0.9426660800994282,
          0.9428736130582621,
          0.9153974321937266
        ],
        [
          0.9428140742251258,
          0.0,
          0.943231322650845,
          0.9422946334802378,
          0.9429250614715842,
          0.9456622145717092,
          0.9466493470979148,
          0.8397676409112982,
          0.94297795475511,
          0.9422686314686013,
          1.4075352147156979,
          0.9433005162947188,
          1.8107847409356161,
          0.9435036765478281,
          0.9422656182653839,
          0.9427730170549786,
          0.9429277124798108,
          0.9338377413055853,
          0.9427253860121417,
          0.9429245907594882,
          1.0511037564590346,
          0.9430318923731177,
          0.9431292609908206,
          0.9415129030312677,
          0.9317359743221216,
          0.9433933015657667,
          0.9016774925440083,
          0.9178350909867421,
          0.9450928799029986,
          0.943049983107129,
          0.9434491026788477,
          0.9424749148780083,
          0.941082338384968,
          0.9426862615373104,
          0.9393079829935933,
          0.9432837943436582,
          0.9408156322389515,
          0.9424933954061132,
          0.9430118734459854,
          0.9192315796236221,
          0.932458277486631,
          0.943009997186413,
          0.9428272755549928,
          0.9430234293198203,
          0.9101648107224514
        ],
        [
          0.9429094499603813,
          0.943231322650845,
          0.0,
          0.9424335948075215,
          0.9430543186960454,
          0.9458840339469486,
          0.9469402050387656,
          0.840261499503943,
          0.9431379383235238,
          0.9423207571399494,
          0.9345263846046421,
          0.9434047459780668,
          1.266550884399599,
          0.9435920657388571,
          0.9422996200939814,
          0.9429463216370445,
          0.9430423609031048,
          1.1181879566688762,
          0.9428596418239775,
          0.9430621722235812,
          0.9283042203280653,
          0.9431636163582015,
          0.9432230449151493,
          0.9416561409125658,
          0.9315815788042778,
          0.9434952759564154,
          0.9020072963954401,
          0.9179346533626387,
          0.9452809442718226,
          0.9431863566656115,
          0.94385438859819,
          0.9425469088458572,
          0.9411202784966692,
          0.9428983927134684,
          0.9394550467940503,
          0.9434002628100776,
          0.9409403165178628,
          0.9425272042617054,
          0.9430650064469516,
          0.9194708083360157,
          0.9326581110335556,
          0.9431233177625091,
          0.9429514510325455,
          0.9431454937124722,
          0.9103954105669754
        ],
        [
          0.9422461539700546,
          0.9422946334802378,
          0.9424335948075215,
          0.0,
          0.9423115574751335,
          0.945009767773008,
          0.9460225296886067,
          0.8414652104485568,
          0.9422876238775597,
          0.9414691506996343,
          0.93368744769979,
          0.9425786397635362,
          0.9277280566920056,
          0.9427502642735719,
          0.9419507760926991,
          0.9421131815656181,
          0.9422500451860535,
          0.933373482593784,
          0.9427798676019865,
          0.9422588173103694,
          0.9282344012193173,
          0.9423958308200199,
          0.9424145240707359,
          0.9409501091010928,
          6.071770919613639,
          0.9426613148596952,
          1.3534064195012059,
          0.9177852211904571,
          0.9444283906719955,
          0.942415747984729,
          0.942832916166326,
          0.9417661848071732,
          0.9404530062435251,
          0.9419634678135538,
          0.9389319507906391,
          0.942576036284438,
          1.4037045029996407,
          0.9418261215002108,
          0.9422258415942191,
          0.9204136550724105,
          0.9325178774772998,
          0.9421819923708976,
          0.9421365350135704,
          0.9424378714420586,
          0.9106517813904151
        ],
        [
          0.9427822723573182,
          0.9429250614715842,
          0.9430543186960454,
          0.9423115574751335,
          0.0,
          0.9453960463427373,
          0.9462926961793537,
          0.8453814812271006,
          0.9429139222837452,
          0.942087072300369,
          0.9345096053251296,
          0.9432039984835772,
          0.9287717866836135,
          0.9433740993188722,
          0.942266182607517,
          0.9427232533895344,
          0.9428805500028304,
          0.9341246845213529,
          0.9427203558227383,
          0.9428967122927917,
          0.9292237581903083,
          0.9430023062594964,
          0.9430454507141742,
          0.9415696889845436,
          0.9321861575964334,
          0.9432891219567333,
          0.9041082855775237,
          0.9189872309490711,
          0.9448800662890587,
          0.9430173590868268,
          0.9433599161935191,
          0.9425873178646093,
          0.94108904516776,
          0.942549678673939,
          0.9394513813593306,
          0.9432060794970092,
          0.9409070348134289,
          0.9424118399100654,
          0.9428348974230862,
          0.920758777556286,
          0.9330985659952112,
          0.9427985235671322,
          0.9427840655850923,
          0.9429957510560368,
          2.280932213911536
        ],
        [
          0.9456405496301844,
          0.9456622145717092,
          0.9458840339469486,
          0.945009767773008,
          0.9453960463427373,
          0.0,
          1.1548417448913353,
          0.8407902649006692,
          0.9455768977150127,
          0.9455832030556413,
          0.9391928300334541,
          0.9459304067422414,
          0.9325821364162309,
          0.9461070405604635,
          0.9435656365572875,
          0.9453390152444056,
          0.9456146448476116,
          0.974416244074102,
          0.945280159707576,
          0.9456544302973056,
          0.930864306704437,
          0.9455373766485882,
          0.9457514006597478,
          0.9445229389354469,
          0.9334986005360683,
          0.9460136393557994,
          0.9144657033697502,
          0.9624183370534954,
          1.31813962631228,
          0.9456912084236188,
          0.9498997147148962,
          0.9450441067956581,
          0.943515775582826,
          0.9450082728895427,
          0.9414696468319311,
          0.9459251876478859,
          0.9435002895751131,
          0.9447985353468654,
          0.9457068710400819,
          0.9207732807122594,
          0.9346646242250514,
          0.9453866017446532,
          0.945538795678552,
          0.9453794936239527,
          0.9113747848049906
        ],
        [
          0.9468488231326855,
          0.9466493470979148,
          0.9469402050387656,
          0.9460225296886067,
          0.9462926961793537,
          1.1548417448913353,
          0.0,
          0.8424814513898182,
          0.946534885050843,
          0.9471453715708688,
          0.9424064941498557,
          0.9468965966661024,
          0.93535365952958,
          0.9470712244151368,
          0.9440663621429898,
          0.946337548919389,
          0.9466093816750568,
          1.005086821642072,
          0.9462070792414098,
          0.9466469015934059,
          0.9325014731905051,
          0.9464583513694416,
          0.9467196067881862,
          0.9458730183184528,
          0.9346621757165835,
          0.9469785192073035,
          0.9239987621461081,
          0.999856181113771,
          1.0822463853225675,
          0.946656074286871,
          0.9539153484646665,
          0.9460082884828243,
          0.944534966855075,
          0.9459114694803348,
          0.9424781809554041,
          0.9468912281069316,
          0.9445528851443102,
          0.9456786751094509,
          0.9467971336897252,
          0.9218408284785911,
          0.9356419926149184,
          0.9463497637299618,
          0.9465305193405712,
          0.9462355297841643,
          0.9121802705697081
        ],
        [
          0.8548999470214959,
          0.8397676409112982,
          0.840261499503943,
          0.8414652104485568,
          0.8453814812271006,
          0.8407902649006692,
          0.8424814513898182,
          0.0,
          0.8399526483004435,
          0.846740833712536,
          1.4584575881880142,
          0.83874340063039,
          2.5745624289714466,
          0.8384760226197121,
          6.105087681004165,
          0.8893641547763649,
          0.8396218966922203,
          0.8385466189806912,
          0.8437085063402661,
          0.838367476028264,
          4.99500470769683,
          0.9786156201946092,
          0.8386820112807765,
          0.8422056077586637,
          1.3357785274931204,
          0.8382933404786442,
          3.873329379730368,
          1.3205430177963717,
          0.8399651293166592,
          0.8396107064657667,
          0.8403018279862279,
          0.8397776202663529,
          1.1268168706557518,
          1.271935252319202,
          3.932419150632092,
          0.838218972876882,
          0.8432874831937223,
          1.274285295837762,
          0.8393279060967663,
          6.460869644110045,
          2.0393029838589203,
          0.9283149703951556,
          0.8376314334435021,
          1.2745884581705513,
          3.8214399024921355
        ],
        [
          0.9427836664922001,
          0.94297795475511,
          0.9431379383235238,
          0.9422876238775597,
          0.9429139222837452,
          0.9455768977150127,
          0.946534885050843,
          0.8399526483004435,
          0.0,
          0.9420722464077949,
          0.9338354163654159,
          0.9432598855036496,
          1.3923276575814605,
          0.9434503171742663,
          0.9422252790494591,
          0.9426863653446338,
          0.9428925499019744,
          0.9336898773717877,
          0.9427153442789239,
          0.9429101544696395,
          0.9281624715750252,
          0.9430207108191719,
          0.9430696624598622,
          0.9415011382007485,
          0.9315021219550169,
          0.9433508881243828,
          0.9017600912307537,
          0.9172941999971639,
          0.9450257077482082,
          0.9430374080536114,
          0.9434061406805051,
          0.9423973369207368,
          0.9409865051678398,
          0.9425403492362971,
          0.9392434742549001,
          0.9432529850334398,
          0.9407953856749435,
          0.9423919979171834,
          0.9428542007106188,
          0.9193984786982835,
          0.9324950617327341,
          0.9428090553558283,
          0.9428005452965796,
          0.9430119307705082,
          0.9102741918452057
        ],
        [
          0.9421092721261578,
          0.9422686314686013,
          0.9423207571399494,
          0.9414691506996343,
          0.942087072300369,
          0.9455832030556413,
          0.9471453715708688,
          0.846740833712536,
          0.9420722464077949,
          0.0,
          1.9445608980918383,
          1.2918464952150626,
          1.8512583855902753,
          1.1155403383771112,
          0.9419373372229413,
          0.9422863326118298,
          1.3574926369988496,
          0.9361134509994303,
          0.9418840498767476,
          0.9420765921379081,
          1.260360795597629,
          0.9421562825958625,
          0.9422899668983549,
          0.9411494106076905,
          0.9319774376694666,
          1.0466056787910134,
          0.9052222574347245,
          2.1706543946576526,
          0.9447165594861764,
          0.9421449856336325,
          0.9432452872915275,
          0.9418902985154274,
          0.9407262969371565,
          0.9418567808928726,
          0.9409148975341259,
          0.9938448062674018,
          0.9401902431416806,
          0.9416621155608467,
          0.9430915605088532,
          0.9209159703821544,
          0.9326995666505492,
          0.9422072181063194,
          1.3540521102336285,
          0.9422198583076237,
          1.3689577168333207
        ],
        [
          0.9354570425332729,
          1.4075352147156979,
          0.9345263846046421,
          0.93368744769979,
          0.9345096053251296,
          0.9391928300334541,
          0.9424064941498557,
          1.4584575881880142,
          0.9338354163654159,
          1.9445608980918383,
          0.0,
          0.9527927467084725,
          8.76419221103755,
          0.9418811195658849,
          1.17448347985961,
          0.9367647791590473,
          1.3226347742722984,
          1.0145500990119716,
          0.9341267206785903,
          1.8657421112466788,
          3.309413609237278,
          0.9341675054132198,
          1.1183247801209897,
          0.9354491433731761,
          1.3842716057313826,
          0.9386936248923683,
          1.4939534486594372,
          10.808006550645707,
          0.9374907629909087,
          0.9344389034710674,
          0.936898658816764,
          1.3582226058441413,
          0.9359905303095615,
          0.93457195808542,
          2.532272123736258,
          0.9362239542072911,
          1.321625213620066,
          0.9345249360494269,
          1.3311898763278727,
          0.9291531466962527,
          2.8714210999647176,
          1.8076113416351722,
          1.4170547626569348,
          0.9348281068980755,
          1.3263399335050678
        ],
        [
          0.943040010064924,
          0.9433005162947188,
          0.9434047459780668,
          0.9425786397635362,
          0.9432039984835772,
          0.9459304067422414,
          0.9468965966661024,
          0.83874340063039,
          0.9432598855036496,
          1.2918464952150626,
          0.9527927467084725,
          0.0,
          1.018915850414328,
          1.0494972684176074,
          0.9423626245402076,
          0.9430243084818122,
          0.9432800453712266,
          0.9338066546526731,
          0.9430104639515992,
          0.9432342356507046,
          0.9281332939472887,
          0.9433200346600631,
          0.9433867077222959,
          0.941778030393973,
          0.9314606353827334,
          1.0062015996823865,
          0.9013255706023399,
          0.9175940663451717,
          0.9453723488431529,
          0.9433493073864526,
          0.9437216034684671,
          0.9427027009768653,
          0.941229656512209,
          0.942899443495089,
          0.9394243239559048,
          0.9742721069742905,
          0.9410578764053961,
          0.9426612081740963,
          0.9431827859996288,
          0.9191257020623769,
          0.9325934548278313,
          0.9431748069625792,
          0.9431786365435647,
          0.9432890125884575,
          0.9099819509400559
        ],
        [
          0.9302171487136325,
          1.8107847409356161,
          1.266550884399599,
          0.9277280566920056,
          0.9287717866836135,
          0.9325821364162309,
          0.93535365952958,
          2.5745624289714466,
          1.3923276575814605,
          1.8512583855902753,
          8.76419221103755,
          1.018915850414328,
          0.0,
          0.9623418675393535,
          0.9356013343381598,
          1.858966442188397,
          0.9284268674553544,
          1.7117141913434433,
          0.9282825612492419,
          0.9284233084634105,
          1.8458633932366177,
          0.928535078958338,
          0.9354027287437289,
          0.9282384454275227,
          0.928343401996132,
          0.9482882766876982,
          0.9095391229253499,
          3.7041167924121767,
          0.9311207603047831,
          0.928019507497931,
          0.9314702593143674,
          0.928591779578097,
          0.9287775273414474,
          2.789048889126599,
          2.0542778500992567,
          0.9378237523181078,
          0.9319319327312722,
          0.9291207093298961,
          1.391558603125653,
          0.921554413635495,
          1.2058840893922484,
          2.3322206985742695,
          0.9919832185527556,
          0.9295445519709169,
          0.9123693720542783
        ],
        [
          0.9431862428878411,
          0.9435036765478281,
          0.9435920657388571,
          0.9427502642735719,
          0.9433740993188722,
          0.9461070405604635,
          0.9470712244151368,
          0.8384760226197121,
          0.9434503171742663,
          1.1155403383771112,
          0.9418811195658849,
          1.0494972684176074,
          0.9623418675393535,
          0.0,
          0.9424489544960484,
          0.9432123599261467,
          0.943516618595776,
          0.9339354475167443,
          0.9431844421229555,
          0.9434243866296945,
          0.9281958295499333,
          0.9434908908686918,
          0.943571833125746,
          0.9419382903316871,
          0.9314821969437348,
          1.2056886163733789,
          0.9012609971174201,
          0.9174705438663177,
          0.9455511860316005,
          0.9435294865575222,
          0.9438963148415597,
          0.9428829603775667,
          0.9413764022374509,
          0.9430981787330027,
          0.9395428149916574,
          1.0769951043228951,
          0.9412173422023725,
          0.9428217765886363,
          0.9433740643196834,
          0.9190757121022309,
          0.9326977826639408,
          0.943373583457654,
          0.9434342153136702,
          0.9434510606894282,
          0.9099805393472393
        ],
        [
          0.9422979520573085,
          0.9422656182653839,
          0.9422996200939814,
          0.9419507760926991,
          0.942266182607517,
          0.9435656365572875,
          0.9440663621429898,
          6.105087681004165,
          0.9422252790494591,
          0.9419373372229413,
          1.17448347985961,
          0.9423626245402076,
          0.9356013343381598,
          0.9424489544960484,
          0.0,
          0.94268038777869,
          0.9422244463896245,
          0.9379520186469997,
          0.9421576921705954,
          0.9422331214717056,
          1.223997777308586,
          0.9423945413828798,
          0.9422978862791885,
          0.9416355416940569,
          0.9374053499832297,
          0.9424040344634347,
          0.9235579075389687,
          0.9319561621725299,
          0.9432742313122802,
          0.9422870263480148,
          0.9425032771562135,
          0.9420064418768075,
          0.9416810424173309,
          0.9421385759069418,
          0.9410335225434179,
          0.9423600067370416,
          1.4003916890711021,
          0.9422296212500664,
          0.9422413324232737,
          0.9324232985586313,
          1.0480212499914212,
          0.9424076370517025,
          0.9421585838666878,
          0.9423757856686691,
          0.9272406298252764
        ],
        [
          0.9428711730182153,
          0.9427730170549786,
          0.9429463216370445,
          0.9421131815656181,
          0.9427232533895344,
          0.9453390152444056,
          0.946337548919389,
          0.8893641547763649,
          0.9426863653446338,
          0.9422863326118298,
          0.9367647791590473,
          0.9430243084818122,
          1.858966442188397,
          0.9432123599261467,
          0.94268038777869,
          0.0,
          0.9426656000852369,
          0.9340459227929963,
          0.9425318530299008,
          0.9426670247852309,
          0.9365306896235065,
          0.9428151497101214,
          0.9428189643444925,
          0.9413913468071285,
          0.9330362889343917,
          0.943106529932524,
          1.087595121559381,
          1.0996780606818495,
          0.9447726185319982,
          0.9428125872944563,
          0.9432055106029071,
          0.9421707257350531,
          0.9410029804212426,
          0.942420028763724,
          0.940201839995689,
          0.9430037458790579,
          0.9407675165610279,
          0.942285083828115,
          0.9427079112456602,
          0.9384700205662598,
          0.933028927204559,
          0.9426187194197346,
          0.9425662050471988,
          0.9428739107680199,
          0.9156455628029325
        ],
        [
          0.942758931083029,
          0.9429277124798108,
          0.9430423609031048,
          0.9422500451860535,
          0.9428805500028304,
          0.9456146448476116,
          0.9466093816750568,
          0.8396218966922203,
          0.9428925499019744,
          1.3574926369988496,
          1.3226347742722984,
          0.9432800453712266,
          0.9284268674553544,
          0.943516618595776,
          0.9422244463896245,
          0.9426656000852369,
          0.0,
          0.9336756481687905,
          0.9426808730844831,
          0.9429209688735245,
          0.9281908046488188,
          0.9429857388039183,
          0.9430776945604312,
          0.941481349834377,
          0.9314502060416473,
          0.9433932549002673,
          0.9016892956986163,
          0.9745748483534478,
          0.9450421624078361,
          0.9430023140910897,
          0.9434152985484642,
          0.9424385251772839,
          0.9409549396086532,
          0.9425055779409717,
          0.9392533877188401,
          0.9432662162167904,
          0.9407895677026112,
          0.942358144400573,
          0.9428651137496025,
          0.9193039476334965,
          0.9324980214681369,
          0.9428299013927771,
          0.9428248983862236,
          0.9429805672404207,
          0.9102288495425418
        ],
        [
          0.936296432577192,
          0.9338377413055853,
          1.1181879566688762,
          0.933373482593784,
          0.9341246845213529,
          0.974416244074102,
          1.005086821642072,
          0.8385466189806912,
          0.9336898773717877,
          0.9361134509994303,
          1.0145500990119716,
          0.9338066546526731,
          1.7117141913434433,
          0.9339354475167443,
          0.9379520186469997,
          0.9340459227929963,
          0.9336756481687905,
          0.0,
          0.9337407820973053,
          0.9335161955389267,
          0.9280358756879603,
          0.9338948754891929,
          0.9336143744023653,
          0.9352696856939106,
          0.9300012092403558,
          0.9338149447707835,
          1.3896755294722394,
          1.1501722561153398,
          0.9588518807358164,
          0.9336852884435404,
          1.3174008111217321,
          0.9330755954996722,
          0.93316497830794,
          0.9344181289110233,
          0.93527431434838,
          0.9337151168334921,
          0.9323046771940405,
          0.9340514221399558,
          0.9339864394021609,
          0.9198450760009851,
          0.9260581791309617,
          0.9340122685127432,
          0.933308008180717,
          0.9346779831245687,
          0.9055229864917592
        ],
        [
          0.9426697786362623,
          0.9427253860121417,
          0.9428596418239775,
          0.9427798676019865,
          0.9427203558227383,
          0.945280159707576,
          0.9462070792414098,
          0.8437085063402661,
          0.9427153442789239,
          0.9418840498767476,
          0.9341267206785903,
          0.9430104639515992,
          0.9282825612492419,
          0.9431844421229555,
          0.9421576921705954,
          0.9425318530299008,
          0.9426808730844831,
          0.9337407820973053,
          0.0,
          0.9426946906504861,
          0.9290525080097565,
          0.942809263945623,
          0.9428474154901655,
          0.9413467473022714,
          1.081924453889002,
          0.9430969223949965,
          0.9358283601577126,
          0.9182748723059025,
          0.9447449763422454,
          0.9428206960400567,
          0.9431821866927165,
          0.9422631303950253,
          0.9408641031322056,
          0.9423599374193398,
          0.9392483721272122,
          0.9430114322995513,
          0.9418145499238557,
          0.9422214626190225,
          0.9426330959482045,
          1.6827024786180234,
          0.9332933961262606,
          0.9425983125412705,
          0.9425780611976595,
          0.9428204716149539,
          1.36839290083567
        ],
        [
          0.9427656389089173,
          0.9429245907594882,
          0.9430621722235812,
          0.9422588173103694,
          0.9428967122927917,
          0.9456544302973056,
          0.9466469015934059,
          0.838367476028264,
          0.9429101544696395,
          0.9420765921379081,
          1.8657421112466788,
          0.9432342356507046,
          0.9284233084634105,
          0.9434243866296945,
          0.9422331214717056,
          0.9426670247852309,
          0.9429209688735245,
          0.9335161955389267,
          0.9426946906504861,
          0.0,
          0.9279009268508919,
          0.9430051375813981,
          0.9431393366834652,
          0.9414717555985892,
          0.9312949288211001,
          0.9433283415528357,
          0.9010775089399725,
          0.916951566658291,
          0.9450810579852748,
          0.9430220232292826,
          0.9434252660153928,
          0.9425119740469365,
          0.9409371374870047,
          0.9425157957829401,
          0.9405117029742417,
          0.9432336946242781,
          0.9407896393843237,
          0.9423662094909099,
          0.9429154864560465,
          0.9189877259620669,
          0.9323146727457422,
          0.9428475366843801,
          0.9427742901261402,
          0.9429971324731923,
          0.9098433993894659
        ],
        [
          1.167041605985434,
          1.0511037564590346,
          0.9283042203280653,
          0.9282344012193173,
          0.9292237581903083,
          0.930864306704437,
          0.9325014731905051,
          4.99500470769683,
          0.9281624715750252,
          1.260360795597629,
          3.309413609237278,
          0.9281332939472887,
          1.8458633932366177,
          0.9281958295499333,
          1.223997777308586,
          0.9365306896235065,
          0.9281908046488188,
          0.9280358756879603,
          0.9290525080097565,
          0.9279009268508919,
          0.0,
          0.9286408013598607,
          0.9281412363839069,
          0.9292018268729908,
          3.3506759125106558,
          0.9280987622612351,
          4.8404380848698025,
          4.25869611795325,
          0.9299943383820507,
          0.9282791288559455,
          0.9293847772274058,
          0.9282905134742311,
          2.1379108438172056,
          0.929471809697894,
          0.933022050041686,
          0.9280163444648658,
          0.9282727140772262,
          2.352378288963417,
          1.3958693665445812,
          1.8015024239460087,
          0.9273963483135539,
          1.0907794968277775,
          0.9501655700540201,
          0.9297583720440944,
          2.186740198678686
        ],
        [
          0.9428666052911133,
          0.9430318923731177,
          0.9431636163582015,
          0.9423958308200199,
          0.9430023062594964,
          0.9455373766485882,
          0.9464583513694416,
          0.9786156201946092,
          0.9430207108191719,
          0.9421562825958625,
          0.9341675054132198,
          0.9433200346600631,
          0.928535078958338,
          0.9434908908686918,
          0.9423945413828798,
          0.9428151497101214,
          0.9429857388039183,
          0.9338948754891929,
          0.942809263945623,
          0.9430051375813981,
          0.9286408013598607,
          0.0,
          0.9431568441335766,
          0.9416236436525895,
          0.931853408436582,
          0.9434035796040282,
          0.9030060368295858,
          0.9180186196355467,
          0.9450148924428687,
          0.9431258911095627,
          0.9434632787421958,
          0.9425025697555997,
          0.9411401626467992,
          0.9426487295852076,
          1.280854721535299,
          0.9433200071341771,
          0.9409394070707223,
          0.9425050880885123,
          0.942935882523238,
          0.9200935482004758,
          0.9328749473051022,
          0.9429114382525831,
          0.942889034344518,
          0.943107747732271,
          0.9112305188192701
        ],
        [
          0.9428982515752895,
          0.9431292609908206,
          0.9432230449151493,
          0.9424145240707359,
          0.9430454507141742,
          0.9457514006597478,
          0.9467196067881862,
          0.8386820112807765,
          0.9430696624598622,
          0.9422899668983549,
          1.1183247801209897,
          0.9433867077222959,
          0.9354027287437289,
          0.943571833125746,
          0.9422978862791885,
          0.9428189643444925,
          0.9430776945604312,
          0.9336143744023653,
          0.9428474154901655,
          0.9431393366834652,
          0.9281412363839069,
          0.9431568441335766,
          0.0,
          0.9416142052907481,
          0.9314051995198641,
          0.9434790427378845,
          0.9013049699750927,
          0.9173960504801784,
          0.9451942468876938,
          0.9432497424804654,
          0.9435515205957834,
          0.9425957763454994,
          0.9410806235553846,
          0.9426668360401003,
          0.9393455491452681,
          0.9433882287238916,
          0.9409378026207083,
          0.9425099234748239,
          1.2847411606790116,
          0.9190889509055828,
          0.9327041013723618,
          0.943022363813408,
          0.9429773658312155,
          0.9431382948368116,
          0.9099199053928454
        ],
        [
          0.9418394530930939,
          0.9415129030312677,
          0.9416561409125658,
          0.9409501091010928,
          0.9415696889845436,
          0.9445229389354469,
          0.9458730183184528,
          0.8422056077586637,
          0.9415011382007485,
          0.9411494106076905,
          0.9354491433731761,
          0.941778030393973,
          0.9282384454275227,
          0.9419382903316871,
          0.9416355416940569,
          0.9413913468071285,
          0.941481349834377,
          0.9352696856939106,
          0.9413467473022714,
          0.9414717555985892,
          0.9292018268729908,
          0.9416236436525895,
          0.9416142052907481,
          0.0,
          0.9316203817469954,
          0.94184745977153,
          0.9401920595514569,
          1.3192426113558402,
          0.9437906548980403,
          0.9416155522342672,
          0.9422491120721211,
          0.9409743167407052,
          0.9398367175523883,
          0.9412686511422516,
          0.9387763276789816,
          0.9417640997241464,
          0.9395588604504506,
          0.9411370374269943,
          0.9414916416636496,
          0.920306048567919,
          0.9316905160409336,
          0.9414252629706265,
          0.9413373823982772,
          0.9417425522453695,
          0.9100825878094236
        ],
        [
          0.9335016347988604,
          0.9317359743221216,
          0.9315815788042778,
          6.071770919613639,
          0.9321861575964334,
          0.9334986005360683,
          0.9346621757165835,
          1.3357785274931204,
          0.9315021219550169,
          0.9319774376694666,
          1.3842716057313826,
          0.9314606353827334,
          0.928343401996132,
          0.9314821969437348,
          0.9374053499832297,
          0.9330362889343917,
          0.9314502060416473,
          0.9300012092403558,
          1.081924453889002,
          0.9312949288211001,
          3.3506759125106558,
          0.931853408436582,
          0.9314051995198641,
          0.9316203817469954,
          0.0,
          0.9314274411678707,
          19.433315577952847,
          0.9510183835505701,
          0.9328913894336339,
          0.9326194906613318,
          0.932333727951128,
          0.9313575354756464,
          0.932070190748259,
          0.9323455774548779,
          0.9345133354319023,
          0.9313912338592242,
          5.5032287285740535,
          0.9324232641216361,
          0.9327828910595531,
          2.7601462709195923,
          4.5928858753489905,
          0.9318104675512955,
          0.9311650218743639,
          0.9327423833635996,
          2.1607905753761396
        ],
        [
          0.9431098993268241,
          0.9433933015657667,
          0.9434952759564154,
          0.9426613148596952,
          0.9432891219567333,
          0.9460136393557994,
          0.9469785192073035,
          0.8382933404786442,
          0.9433508881243828,
          1.0466056787910134,
          0.9386936248923683,
          1.0062015996823865,
          0.9482882766876982,
          1.2056886163733789,
          0.9424040344634347,
          0.943106529932524,
          0.9433932549002673,
          0.9338149447707835,
          0.9430969223949965,
          0.9433283415528357,
          0.9280987622612351,
          0.9434035796040282,
          0.9434790427378845,
          0.94184745977153,
          0.9314274411678707,
          0.0,
          0.9011569457626817,
          0.9172507064328322,
          0.9454580513731903,
          0.9434388345812053,
          0.9438042892291805,
          0.9427899873587492,
          0.941293399032367,
          0.9429819028253933,
          0.9394622516522075,
          1.3738933737484635,
          0.9411271279043913,
          0.9427398256470603,
          0.943271358106464,
          0.919021292979492,
          0.9326043766455621,
          0.9432564413799961,
          0.9433076404729686,
          0.9433704057160995,
          0.9098763497183451
        ],
        [
          2.34276221055259,
          0.9016774925440083,
          0.9020072963954401,
          1.3534064195012059,
          0.9041082855775237,
          0.9144657033697502,
          0.9239987621461081,
          3.873329379730368,
          0.9017600912307537,
          0.9052222574347245,
          1.4939534486594372,
          0.9013255706023399,
          0.9095391229253499,
          0.9012609971174201,
          0.9235579075389687,
          1.087595121559381,
          0.9016892956986163,
          1.3896755294722394,
          0.9358283601577126,
          0.9010775089399725,
          4.8404380848698025,
          0.9030060368295858,
          0.9013049699750927,
          0.9401920595514569,
          19.433315577952847,
          0.9011569457626817,
          0.0,
          16.39497999140576,
          0.9095481017173945,
          0.9586912782650753,
          0.9110754764772615,
          0.9015464563793665,
          0.911968659299873,
          0.9051302216945415,
          1.5041626457603101,
          0.9011017145556284,
          1.8281573529281012,
          0.9055480970764971,
          0.9867636773525037,
          26.990204409010186,
          1.4108076631762172,
          0.9031858001032121,
          0.9007301262383408,
          0.9060260144406127,
          1.1415341141810862
        ],
        [
          1.5357008385542832,
          0.9178350909867421,
          0.9179346533626387,
          0.9177852211904571,
          0.9189872309490711,
          0.9624183370534954,
          0.999856181113771,
          1.3205430177963717,
          0.9172941999971639,
          2.1706543946576526,
          10.808006550645707,
          0.9175940663451717,
          3.7041167924121767,
          0.9174705438663177,
          0.9319561621725299,
          1.0996780606818495,
          0.9745748483534478,
          1.1501722561153398,
          0.9182748723059025,
          0.916951566658291,
          4.25869611795325,
          0.9180186196355467,
          0.9173960504801784,
          1.3192426113558402,
          0.9510183835505701,
          0.9172507064328322,
          16.39497999140576,
          0.0,
          0.9439148305121268,
          0.91753679253365,
          0.9432964037293728,
          0.9180036819772397,
          1.1712080451007325,
          0.919650153042893,
          1.8229743472692646,
          0.9170581036576156,
          0.9195759883141836,
          0.9200904732076657,
