Map from character to field name
A:	Australia
B:	Austria
C:	Azerbaijan
D:	Brunei
E:	Cambodia
F:	Cameroon
G:	Central African Republic
H:	China
I:	Croatia
J:	Egypt
K:	Finland
L:	France
M:	Georgia
N:	Germany
O:	Guinea
P:	Hong Kong
Q:	Hungary
R:	Iceland
S:	India
T:	Indonesia
U:	Italy
V:	Japan
W:	Kazakhstan
X:	Latvia
Y:	Madagascar
Z:	Malaysia
[:	Mauritania
\:	Na
]:	Netherlands
^:	Niger
_:	Norway
`:	Pakistan
a:	Peru
b:	Philippines
c:	Poland
d:	Russia
e:	Senegal
f:	Singapore
g:	South Korea
h:	Spain
i:	Taiwan
j:	Thailand
k:	Tunisia
l:	United Kingdom
m:	Usa
n:	Viet Nam
o:	?


Substitution rate (mu): 10.958388

Equilibrium frequencies (pi_i):
  A: 0.0215
  B: 0.0256
  C: 0.0253
  D: 0.0218
  E: 0.024
  F: 0.0257
  G: 0.0255
  H: 0.0156
  I: 0.0253
  J: 0.0227
  K: 0.025
  L: 0.0137
  M: 0.0257
  N: 0.0197
  O: 0.0255
  P: 0.0125
  Q: 0.023
  R: 0.0254
  S: 0.0254
  T: 0.0249
  U: 0.0258
  V: 0.0119
  W: 0.0246
  X: 0.0257
  Y: 0.0252
  Z: 0.0116
  [: 0.0257
  \: 0.013
  ]: 0.0112
  ^: 0.0257
  _: 0.0255
  `: 0.0255
  a: 0.0254
  b: 0.0231
  c: 0.0231
  d: 0.0157
  e: 0.0258
  f: 0.0215
  g: 0.0227
  h: 0.0257
  i: 0.0067
  j: 0.0174
  k: 0.025
  l: 0.0261
  m: 0.0227
  n: 0.0138

Symmetrized rates from j->i (W_ij):
	A	B	C	D	E	F	G	H	I	J	K	L	M	N	O	P	Q	R	S	T	U	V	W	X	Y	Z	[	\	]	^	_	`	a	b	c	d	e	f	g	h	i	j	k	l	m	n
  A	0	0.9469	0.947	0.9463	0.9469	0.9489	0.9497	0.8555	0.9469	0.9469	0.9463	0.9396	0.947	0.9341	0.9473	0.9464	0.9466	0.9468	0.9398	0.9467	0.9469	1.1692	0.947	0.947	0.9477	0.9298	0.9473	2.3575	1.5391	0.9485	0.947	0.9474	0.9465	0.9454	0.9466	0.944	0.9472	0.9443	0.9465	0.9469	1.1102	0.9398	0.9468	0.9468	0.947	0.9194
  B	0.9469	0	0.9473	0.9463	0.9471	0.9492	0.95	0.8398	0.9471	0.947	0.9463	1.4118	0.9472	1.7302	0.9477	0.9472	0.9466	0.947	0.9382	0.9468	0.947	1.1051	0.9472	0.9472	0.9475	0.9261	0.9476	0.9009	0.9211	0.9488	0.9472	0.9475	0.9466	0.9452	0.9467	0.9434	0.9474	0.9438	0.9466	0.9471	0.9233	0.9381	0.947	0.9469	0.9472	0.9144
  C	0.947	0.9473	0	0.9465	0.9472	0.9495	0.9504	0.8407	0.9473	0.9471	0.9465	0.9386	0.9474	1.2772	0.9477	0.9464	0.9468	0.9471	1.1148	0.9469	0.9472	0.9286	0.9473	0.9474	0.9479	0.9266	0.9476	0.9013	0.9214	0.949	0.9473	0.9478	0.9467	0.9453	0.947	0.9436	0.9475	0.9439	0.9467	0.9472	0.9236	0.9386	0.9472	0.9471	0.9473	0.9147
  D	0.9463	0.9463	0.9465	0	0.9464	0.9502	0.9521	0.8561	0.9464	0.9464	0.9457	0.9389	0.9464	0.9335	0.9467	0.9461	0.9469	0.9463	0.9445	0.9462	0.9463	0.9308	0.9465	0.9465	0.9524	6.0498	0.9467	1.3604	0.9245	0.9492	0.9465	0.9484	0.9459	0.9448	0.9461	0.9435	0.9466	1.4119	0.946	0.9463	0.9273	0.9427	0.9463	0.9462	0.9465	0.9187
  E	0.9469	0.9471	0.9472	0.9464	0	0.9491	0.9498	0.8453	0.9471	0.947	0.9463	0.9387	0.9472	0.9325	0.9475	0.9464	0.9466	0.947	0.9386	0.9468	0.9471	0.9293	0.9472	0.9472	0.9475	0.9273	0.9474	0.9034	0.9224	0.9487	0.9472	0.9474	0.9467	0.9452	0.9467	0.9436	0.9473	0.944	0.9466	0.947	0.9247	0.9387	0.947	0.9469	0.9472	2.2914
  F	0.9489	0.9492	0.9495	0.9502	0.9491	0	1.1705	0.8426	0.9492	0.9489	0.9482	0.9398	0.9493	0.934	0.9496	0.9476	0.9486	0.9491	0.9932	0.9492	0.9492	0.9301	0.9492	0.9494	0.9629	0.9523	0.9496	0.9089	0.9226	1.3109	0.9494	0.9559	0.9487	0.947	0.9486	0.9449	0.9495	0.9482	0.9484	0.9492	0.925	0.9939	0.949	0.9491	0.9491	0.9163
  G	0.9497	0.95	0.9504	0.9521	0.9498	1.1705	0	0.8455	0.95	0.9496	0.949	0.9406	0.9501	0.9353	0.9504	0.9482	0.9493	0.9499	1.0364	0.9502	0.95	0.9312	0.9499	0.9501	0.9753	0.9735	0.9503	0.9153	0.9236	1.0969	0.9502	0.9623	0.9494	0.9477	0.9493	0.9455	0.9503	0.9504	0.9491	0.9501	0.9262	1.0412	0.9497	0.9499	0.9498	0.9174
  H	0.8555	0.8398	0.8407	0.8561	0.8453	0.8426	0.8455	0	0.8404	1.2753	0.8415	1.4293	0.8391	2.5704	0.8404	5.8124	1.1606	0.84	0.8501	0.8438	0.8386	5.7462	0.9922	0.8391	0.8571	1.2305	0.8397	4.272	0.8863	0.8412	0.84	0.8422	0.8402	1.0549	1.2729	3.9442	0.8392	0.8562	1.2755	0.8393	5.9201	2.4539	0.9042	0.8375	1.2755	4.2619
  I	0.9469	0.9471	0.9473	0.9464	0.9471	0.9492	0.95	0.8404	0	0.947	0.9463	0.9381	0.9472	1.398	0.9476	0.9463	0.9466	0.947	0.9382	0.9468	0.9471	0.9284	0.9472	0.9472	0.9475	0.9262	0.9475	0.9011	0.9211	0.9488	0.9472	0.9475	0.9466	0.9451	0.9467	0.9434	0.9474	0.9438	0.9465	0.947	0.9235	0.9382	0.947	0.9469	0.9472	0.9146
  J	0.9469	0.947	0.9471	0.9464	0.947	0.9489	0.9496	1.2753	0.947	0	0.9463	0.9389	0.9471	0.9333	0.9474	0.9464	0.9466	0.9469	0.9391	0.9467	0.947	0.9303	0.9471	0.9471	0.9475	0.9285	0.9473	0.9056	0.9237	0.9485	0.9471	0.9474	0.9466	0.9453	0.9466	0.9438	0.9473	0.9441	0.9465	0.9469	0.9259	0.9391	0.9469	0.9469	0.9471	0.9178
  K	0.9463	0.9463	0.9465	0.9457	0.9463	0.9482	0.949	0.8415	0.9463	0.9463	0	2.0143	1.3762	1.5443	0.9588	0.946	0.9459	1.4192	0.9376	0.946	0.9462	0.954	0.9464	0.9465	0.9466	0.9262	0.954	0.9018	1.9998	0.9478	0.9464	0.9466	0.946	0.9446	0.946	0.9513	0.9504	0.9432	0.9458	0.9542	0.9237	0.9378	0.9463	1.4189	0.9464	1.3722
  L	0.9396	1.4118	0.9386	0.9389	0.9387	0.9398	0.9406	1.4293	0.9381	0.9389	2.0143	0	0.9383	8.8892	1.0258	0.9426	1.1406	1.3409	0.9459	0.9381	1.8757	3.9202	0.9384	1.1146	0.9392	1.0629	0.9885	1.9014	10.0893	0.9393	0.9964	0.9386	1.3659	0.9409	0.9403	2.5324	0.9631	0.9381	0.9388	1.6388	0.9325	2.7723	1.8399	1.4094	0.939	1.3306
  M	0.947	0.9472	0.9474	0.9464	0.9472	0.9493	0.9501	0.8391	0.9472	0.9471	1.3762	0.9383	0	1.0447	0.9476	0.9464	0.9467	0.9471	0.9382	0.9469	0.9472	0.9282	0.9473	0.9473	0.9476	0.926	0.9476	0.9005	0.9209	0.9489	0.9473	0.9476	0.9467	0.9452	0.9468	0.9435	0.9475	0.9438	0.9466	0.9471	0.9232	0.9381	0.9471	0.9471	0.9473	0.9142
  N	0.9341	1.7302	1.2772	0.9335	0.9325	0.934	0.9353	2.5704	1.398	0.9333	1.5443	8.8892	1.0447	0	1.0038	0.9446	1.7824	0.9317	1.7642	0.9318	0.9315	1.9562	0.9324	0.938	0.9337	1.0318	0.9737	1.1082	3.658	0.9334	0.9386	0.933	0.932	0.9323	2.8143	2.0233	0.9527	0.9319	0.933	1.1707	0.9252	1.2569	2.3504	0.9318	0.9334	0.9145
  O	0.9473	0.9477	0.9477	0.9467	0.9475	0.9496	0.9504	0.8404	0.9476	0.9474	0.9588	1.0258	0.9476	1.0038	0	0.9466	0.947	0.9474	0.9386	0.9472	0.9476	1.0471	0.9476	0.9477	0.9479	0.9265	1.228	0.9017	0.9343	0.9492	0.9476	0.9479	0.947	0.9457	0.9472	0.9445	1.0963	0.9442	0.9471	0.9485	0.9235	0.9386	0.9476	0.9474	0.9475	0.9147
  P	0.9464	0.9472	0.9464	0.9461	0.9464	0.9476	0.9482	5.8124	0.9463	0.9464	0.946	0.9426	0.9464	0.9446	0.9466	0	0.9472	0.9463	0.9426	0.9462	0.9463	1.4257	0.9465	0.9464	0.9472	0.9387	0.9465	0.9243	1.1787	0.9473	0.9464	0.9467	0.9461	0.9457	0.9462	0.945	0.9465	1.4117	0.9462	0.9463	0.936	1.1457	0.9464	0.9462	0.9465	0.9306
  Q	0.9466	0.9466	0.9468	0.9469	0.9466	0.9486	0.9493	1.1606	0.9466	0.9466	0.9459	1.1406	0.9467	1.7824	0.947	0.9472	0	0.9464	0.9392	0.9464	0.9465	0.934	0.9467	0.9467	0.9475	1.0746	0.9469	1.2632	0.9328	0.9481	0.9467	0.947	0.9461	0.9449	0.9464	0.9444	0.9468	0.9445	0.9462	0.9465	0.9295	0.9408	0.9466	0.9464	0.9468	0.9184
  R	0.9468	0.947	0.9471	0.9463	0.947	0.9491	0.9499	0.84	0.947	0.9469	1.4192	1.3409	0.9471	0.9317	0.9474	0.9463	0.9464	0	0.938	0.9467	0.9469	0.9283	0.9471	0.9471	0.9474	0.9261	0.9474	0.9009	0.986	0.9487	0.9471	0.9473	0.9465	0.945	0.9466	0.9434	0.9473	0.9437	0.9464	0.9469	0.9234	0.9381	0.9469	0.9468	0.9471	0.9145
  S	0.9398	0.9382	1.1148	0.9445	0.9386	0.9932	1.0364	0.8501	0.9382	0.9391	0.9376	0.9459	0.9382	1.7642	0.9386	0.9426	0.9392	0.938	0	0.9388	0.938	0.9279	0.9385	0.9381	1.044	1.0626	0.9384	1.393	0.9458	0.9729	0.9384	1.314	0.9376	0.937	0.9389	0.9387	0.9383	0.9427	0.9386	0.9382	0.9255	1.0694	0.9383	0.9377	0.9392	0.9122
  T	0.9467	0.9468	0.9469	0.9462	0.9468	0.9492	0.9502	0.8438	0.9468	0.9467	0.946	0.9381	0.9469	0.9318	0.9472	0.9462	0.9464	0.9467	0.9388	0	0.9467	0.9287	0.9469	0.9469	0.9478	1.3858	0.9471	0.9045	0.9215	0.9487	0.9469	0.9474	0.9463	0.9449	0.9464	0.9433	0.947	0.9438	0.9463	0.9467	1.4031	1.2034	0.9466	0.9466	0.9469	1.1063
  U	0.9469	0.947	0.9472	0.9463	0.9471	0.9492	0.95	0.8386	0.9471	0.947	0.9462	1.8757	0.9472	0.9315	0.9476	0.9463	0.9465	0.9469	0.938	0.9467	0	0.9281	0.9471	0.9473	0.9475	0.9258	0.9475	0.9003	0.9206	0.9488	0.9472	0.9474	0.9466	0.9451	0.9466	0.9434	0.9474	0.9437	0.9465	0.9471	0.9231	0.938	0.947	0.9469	0.9471	0.9141
  V	1.1692	1.1051	0.9286	0.9308	0.9293	0.9301	0.9312	5.7462	0.9284	0.9303	0.954	3.9202	0.9282	1.9562	1.0471	1.4257	0.934	0.9283	0.9279	0.9287	0.9281	0	0.9291	0.9284	0.9322	3.212	0.9972	5.8842	3.2846	0.9295	0.9286	0.9293	0.9284	2.1222	0.9307	0.9385	0.9626	0.9479	2.3529	1.3994	1.8588	0.9348	1.0989	0.9278	0.9304	1.3861
  W	0.947	0.9472	0.9473	0.9465	0.9472	0.9492	0.9499	0.9922	0.9472	0.9471	0.9464	0.9384	0.9473	0.9324	0.9476	0.9465	0.9467	0.9471	0.9385	0.9469	0.9471	0.9291	0	0.9473	0.9476	0.9269	0.9475	0.9026	0.9219	0.9488	0.9473	0.9475	0.9467	0.9453	0.9468	1.2691	0.9474	0.944	0.9467	0.9471	0.9243	0.9385	0.947	0.947	0.9473	0.9157
  X	0.947	0.9472	0.9474	0.9465	0.9472	0.9494	0.9501	0.8391	0.9472	0.9471	0.9465	1.1146	0.9473	0.938	0.9477	0.9464	0.9467	0.9471	0.9381	0.9469	0.9473	0.9284	0.9473	0	0.9476	0.926	0.9476	0.9006	0.9212	0.9489	0.9474	0.9476	0.9468	0.9452	0.9468	0.9436	0.9475	0.9439	0.9467	1.2881	0.9232	0.9383	0.9471	0.9471	0.9473	0.9143
  Y	0.9477	0.9475	0.9479	0.9524	0.9475	0.9629	0.9753	0.8571	0.9475	0.9475	0.9466	0.9392	0.9476	0.9337	0.9479	0.9472	0.9475	0.9474	1.044	0.9478	0.9475	0.9322	0.9476	0.9476	0	1.1057	0.9478	0.9487	0.9236	0.9572	0.9477	0.9591	0.947	0.9455	0.9471	0.9443	0.9478	0.9497	0.947	0.9475	0.9279	0.978	0.9473	0.9473	0.9476	0.9166
  Z	0.9298	0.9261	0.9266	6.0498	0.9273	0.9523	0.9735	1.2305	0.9262	0.9285	0.9262	1.0629	0.926	1.0318	0.9265	0.9387	1.0746	0.9261	1.0626	1.3858	0.9258	3.212	0.9269	0.926	1.1057	0	0.9263	19.9581	1.0695	0.9424	0.9269	0.9505	0.926	0.9275	0.9281	0.9344	0.9261	5.6049	0.9284	0.9268	2.8533	5.1167	0.9266	0.9255	0.9286	1.517
  [	0.9473	0.9476	0.9476	0.9467	0.9474	0.9496	0.9503	0.8397	0.9475	0.9473	0.954	0.9885	0.9476	0.9737	1.228	0.9465	0.9469	0.9474	0.9384	0.9471	0.9475	0.9972	0.9475	0.9476	0.9478	0.9263	0	0.9012	0.9288	0.9491	0.9475	0.9478	0.9469	0.9456	0.9471	0.9441	1.3731	0.9441	0.947	0.948	0.9234	0.9384	0.9475	0.9473	0.9475	0.9144
  \	2.3575	0.9009	0.9013	1.3604	0.9034	0.9089	0.9153	4.272	0.9011	0.9056	0.9018	1.9014	0.9005	1.1082	0.9017	0.9243	1.2632	0.9009	1.393	0.9045	0.9003	5.8842	0.9026	0.9006	0.9487	19.9581	0.9012	0	15.0557	0.9058	0.945	0.9086	0.9009	0.9146	0.9049	1.4626	0.9008	2.041	0.9056	0.9605	26.8928	1.4173	0.9021	0.8997	0.9057	1.6366
  ]	1.5391	0.9211	0.9214	0.9245	0.9224	0.9226	0.9236	0.8863	0.9211	0.9237	1.9998	10.0893	0.9209	3.658	0.9343	1.1787	0.9328	0.986	0.9458	0.9215	0.9206	3.2846	0.9219	0.9212	0.9236	1.0695	0.9288	15.0557	0	0.9221	0.9221	0.9218	0.9213	1.1977	0.9233	1.9187	0.9249	1.1684	0.9237	1.0357	1.0588	1.0476	0.9221	0.9203	0.9238	1.0144
  ^	0.9485	0.9488	0.949	0.9492	0.9487	1.3109	1.0969	0.8412	0.9488	0.9485	0.9478	0.9393	0.9489	0.9334	0.9492	0.9473	0.9481	0.9487	0.9729	0.9487	0.9488	0.9295	0.9488	0.9489	0.9572	0.9424	0.9491	0.9058	0.9221	0	0.949	0.953	0.9483	0.9466	0.9482	0.9446	0.9491	0.947	0.948	0.9488	0.9244	0.972	0.9486	0.9487	0.9487	0.9157
  _	0.947	0.9472	0.9473	0.9465	0.9472	0.9494	0.9502	0.84	0.9472	0.9471	0.9464	0.9964	0.9473	0.9386	0.9476	0.9464	0.9467	0.9471	0.9384	0.9469	0.9472	0.9286	0.9473	0.9474	0.9477	0.9269	0.9475	0.945	0.9221	0.949	0	0.9476	0.9467	0.9452	0.9468	0.9435	0.9475	0.944	0.9466	1.2156	0.9237	1.1285	0.9471	0.947	0.9473	0.9146
  `	0.9474	0.9475	0.9478	0.9484	0.9474	0.9559	0.9623	0.8422	0.9475	0.9474	0.9466	0.9386	0.9476	0.933	0.9479	0.9467	0.947	0.9473	1.314	0.9474	0.9474	0.9293	0.9475	0.9476	0.9591	0.9505	0.9478	0.9086	0.9218	0.953	0.9476	0	0.9469	0.9455	0.947	0.9438	0.9477	0.946	0.9469	0.9474	0.9245	0.955	0.9473	0.9473	0.9475	0.9153
  a	0.9465	0.9466	0.9467	0.9459	0.9467	0.9487	0.9494	0.8402	0.9466	0.9466	0.946	1.3659	0.9467	0.932	0.947	0.9461	0.9461	0.9465	0.9376	0.9463	0.9466	0.9284	0.9467	0.9468	0.947	0.926	0.9469	0.9009	0.9213	0.9483	0.9467	0.9469	0	0.9447	0.9462	0.9432	0.9469	0.9434	0.9461	0.9466	0.9234	0.9384	0.9466	0.9465	0.9467	1.0006
  b	0.9454	0.9452	0.9453	0.9448	0.9452	0.947	0.9477	1.0549	0.9451	0.9453	0.9446	0.9409	0.9452	0.9323	0.9457	0.9457	0.9449	0.945	0.937	0.9449	0.9451	2.1222	0.9453	0.9452	0.9455	0.9275	0.9456	0.9146	1.1977	0.9466	0.9452	0.9455	0.9447	0	0.945	0.9427	0.9454	0.9425	0.9451	0.9451	0.9253	0.9377	0.9451	0.9449	0.9455	0.9166
  c	0.9466	0.9467	0.947	0.9461	0.9467	0.9486	0.9493	1.2729	0.9467	0.9466	0.946	0.9403	0.9468	2.8143	0.9472	0.9462	0.9464	0.9466	0.9389	0.9464	0.9466	0.9307	0.9468	0.9468	0.9471	0.9281	0.9471	0.9049	0.9233	0.9482	0.9468	0.947	0.9462	0.945	0	0.9435	0.947	0.9437	0.9462	0.9466	0.9255	0.9388	0.9466	0.9465	0.9468	0.9172
  d	0.944	0.9434	0.9436	0.9435	0.9436	0.9449	0.9455	3.9442	0.9434	0.9438	0.9513	2.5324	0.9435	2.0233	0.9445	0.945	0.9444	0.9434	0.9387	0.9433	0.9434	0.9385	1.2691	0.9436	0.9443	0.9344	0.9441	1.4626	1.9187	0.9446	0.9435	0.9438	0.9432	0.9427	0.9435	0	0.9438	0.942	0.9435	0.9559	0.9317	0.9396	0.9436	0.9435	0.9439	0.925
  e	0.9472	0.9474	0.9475	0.9466	0.9473	0.9495	0.9503	0.8392	0.9474	0.9473	0.9504	0.9631	0.9475	0.9527	1.0963	0.9465	0.9468	0.9473	0.9383	0.947	0.9474	0.9626	0.9474	0.9475	0.9478	0.9261	1.3731	0.9008	0.9249	0.9491	0.9475	0.9477	0.9469	0.9454	0.947	0.9438	0	0.944	0.9469	0.9476	0.9233	0.9383	0.9473	0.9472	0.9474	0.9143
  f	0.9443	0.9438	0.9439	1.4119	0.944	0.9482	0.9504	0.8562	0.9438	0.9441	0.9432	0.9381	0.9438	0.9319	0.9442	1.4117	0.9445	0.9437	0.9427	0.9438	0.9437	0.9479	0.944	0.9439	0.9497	5.6049	0.9441	2.041	1.1684	0.947	0.944	0.946	0.9434	0.9425	0.9437	0.942	0.944	0	0.9437	0.9439	1.6474	1.9729	0.9437	0.9436	0.9442	1.3773
  g	0.9465	0.9466	0.9467	0.946	0.9466	0.9484	0.9491	1.2755	0.9465	0.9465	0.9458	0.9388	0.9466	0.933	0.9471	0.9462	0.9462	0.9464	0.9386	0.9463	0.9465	2.3529	0.9467	0.9467	0.947	0.9284	0.947	0.9056	0.9237	0.948	0.9466	0.9469	0.9461	0.9451	0.9462	0.9435	0.9469	0.9437	0	0.9465	0.9258	0.9388	0.9465	0.9464	0.9467	0.9176
  h	0.9469	0.9471	0.9472	0.9463	0.947	0.9492	0.9501	0.8393	0.947	0.9469	0.9542	1.6388	0.9471	1.1707	0.9485	0.9463	0.9465	0.9469	0.9382	0.9467	0.9471	1.3994	0.9471	1.2881	0.9475	0.9268	0.948	0.9605	1.0357	0.9488	1.2156	0.9474	0.9466	0.9451	0.9466	0.9559	0.9476	0.9439	0.9465	0	0.9235	1.1761	0.947	0.9469	0.9471	0.9144
  i	1.1102	0.9233	0.9236	0.9273	0.9247	0.925	0.9262	5.9201	0.9235	0.9259	0.9237	0.9325	0.9232	0.9252	0.9235	0.936	0.9295	0.9234	0.9255	1.4031	0.9231	1.8588	0.9243	0.9232	0.9279	2.8533	0.9234	26.8928	1.0588	0.9244	0.9237	0.9245	0.9234	0.9253	0.9255	0.9317	0.9233	1.6474	0.9258	0.9235	0	1.3981	0.9239	0.9228	0.9259	3.482
  j	0.9398	0.9381	0.9386	0.9427	0.9387	0.9939	1.0412	2.4539	0.9382	0.9391	0.9378	2.7723	0.9381	1.2569	0.9386	1.1457	0.9408	0.9381	1.0694	1.2034	0.938	0.9348	0.9385	0.9383	0.978	5.1167	0.9384	1.4173	1.0476	0.972	1.1285	0.955	0.9384	0.9377	0.9388	0.9396	0.9383	1.9729	0.9388	1.1761	1.3981	0	0.9383	0.9378	0.9392	3.1706
  k	0.9468	0.947	0.9472	0.9463	0.947	0.949	0.9497	0.9042	0.947	0.9469	0.9463	1.8399	0.9471	2.3504	0.9476	0.9464	0.9466	0.9469	0.9383	0.9466	0.947	1.0989	0.947	0.9471	0.9473	0.9266	0.9475	0.9021	0.9221	0.9486	0.9471	0.9473	0.9466	0.9451	0.9466	0.9436	0.9473	0.9437	0.9465	0.947	0.9239	0.9383	0	0.9468	0.9471	0.9152
  l	0.9468	0.9469	0.9471	0.9462	0.9469	0.9491	0.9499	0.8375	0.9469	0.9469	1.4189	1.4094	0.9471	0.9318	0.9474	0.9462	0.9464	0.9468	0.9377	0.9466	0.9469	0.9278	0.947	0.9471	0.9473	0.9255	0.9473	0.8997	0.9203	0.9487	0.947	0.9473	0.9465	0.9449	0.9465	0.9435	0.9472	0.9436	0.9464	0.9469	0.9228	0.9378	0.9468	0	0.947	0.9137
  m	0.947	0.9472	0.9473	0.9465	0.9472	0.9491	0.9498	1.2755	0.9472	0.9471	0.9464	0.939	0.9473	0.9334	0.9475	0.9465	0.9468	0.9471	0.9392	0.9469	0.9471	0.9304	0.9473	0.9473	0.9476	0.9286	0.9475	0.9057	0.9238	0.9487	0.9473	0.9475	0.9467	0.9455	0.9468	0.9439	0.9474	0.9442	0.9467	0.9471	0.9259	0.9392	0.9471	0.947	0	0.9179
  n	0.9194	0.9144	0.9147	0.9187	2.2914	0.9163	0.9174	4.2619	0.9146	0.9178	1.3722	1.3306	0.9142	0.9145	0.9147	0.9306	0.9184	0.9145	0.9122	1.1063	0.9141	1.3861	0.9157	0.9143	0.9166	1.517	0.9144	1.6366	1.0144	0.9157	0.9146	0.9153	1.0006	0.9166	0.9172	0.925	0.9143	1.3773	0.9176	0.9144	3.482	3.1706	0.9152	0.9137	0.9179	0

Actual rates from j->i (Q_ij):
	A	B	C	D	E	F	G	H	I	J	K	L	M	N	O	P	Q	R	S	T	U	V	W	X	Y	Z	[	\	]	^	_	`	a	b	c	d	e	f	g	h	i	j	k	l	m	n
  A	0	0.0203	0.0203	0.0203	0.0203	0.0204	0.0204	0.0184	0.0203	0.0203	0.0203	0.0202	0.0203	0.0201	0.0203	0.0203	0.0203	0.0203	0.0202	0.0203	0.0203	0.0251	0.0203	0.0203	0.0204	0.02	0.0203	0.0506	0.0331	0.0204	0.0203	0.0203	0.0203	0.0203	0.0203	0.0203	0.0203	0.0203	0.0203	0.0203	0.0238	0.0202	0.0203	0.0203	0.0203	0.0197
  B	0.0242	0	0.0242	0.0242	0.0242	0.0243	0.0243	0.0215	0.0242	0.0242	0.0242	0.0361	0.0242	0.0443	0.0242	0.0242	0.0242	0.0242	0.024	0.0242	0.0242	0.0283	0.0242	0.0242	0.0242	0.0237	0.0242	0.0231	0.0236	0.0243	0.0242	0.0242	0.0242	0.0242	0.0242	0.0241	0.0242	0.0241	0.0242	0.0242	0.0236	0.024	0.0242	0.0242	0.0242	0.0234
  C	0.024	0.024	0	0.024	0.024	0.024	0.0241	0.0213	0.024	0.024	0.024	0.0238	0.024	0.0323	0.024	0.024	0.024	0.024	0.0282	0.024	0.024	0.0235	0.024	0.024	0.024	0.0235	0.024	0.0228	0.0233	0.024	0.024	0.024	0.024	0.0239	0.024	0.0239	0.024	0.0239	0.024	0.024	0.0234	0.0238	0.024	0.024	0.024	0.0232
  D	0.0206	0.0206	0.0206	0	0.0206	0.0207	0.0208	0.0187	0.0206	0.0206	0.0206	0.0205	0.0206	0.0204	0.0207	0.0206	0.0207	0.0206	0.0206	0.0206	0.0206	0.0203	0.0206	0.0206	0.0208	0.132	0.0207	0.0297	0.0202	0.0207	0.0206	0.0207	0.0206	0.0206	0.0206	0.0206	0.0207	0.0308	0.0206	0.0206	0.0202	0.0206	0.0206	0.0206	0.0207	0.02
  E	0.0228	0.0228	0.0228	0.0228	0	0.0228	0.0228	0.0203	0.0228	0.0228	0.0227	0.0226	0.0228	0.0224	0.0228	0.0228	0.0228	0.0228	0.0226	0.0228	0.0228	0.0223	0.0228	0.0228	0.0228	0.0223	0.0228	0.0217	0.0222	0.0228	0.0228	0.0228	0.0228	0.0227	0.0228	0.0227	0.0228	0.0227	0.0228	0.0228	0.0222	0.0226	0.0228	0.0228	0.0228	0.0551
  F	0.0243	0.0244	0.0244	0.0244	0.0244	0	0.03	0.0216	0.0244	0.0243	0.0243	0.0241	0.0244	0.024	0.0244	0.0243	0.0243	0.0244	0.0255	0.0244	0.0244	0.0239	0.0244	0.0244	0.0247	0.0244	0.0244	0.0233	0.0237	0.0336	0.0244	0.0245	0.0243	0.0243	0.0243	0.0242	0.0244	0.0243	0.0243	0.0244	0.0237	0.0255	0.0243	0.0244	0.0244	0.0235
  G	0.0242	0.0242	0.0242	0.0243	0.0242	0.0298	0	0.0216	0.0242	0.0242	0.0242	0.024	0.0242	0.0238	0.0242	0.0242	0.0242	0.0242	0.0264	0.0242	0.0242	0.0237	0.0242	0.0242	0.0249	0.0248	0.0242	0.0233	0.0235	0.028	0.0242	0.0245	0.0242	0.0242	0.0242	0.0241	0.0242	0.0242	0.0242	0.0242	0.0236	0.0265	0.0242	0.0242	0.0242	0.0234
  H	0.0133	0.0131	0.0131	0.0133	0.0132	0.0131	0.0132	0	0.0131	0.0199	0.0131	0.0223	0.0131	0.04	0.0131	0.0905	0.0181	0.0131	0.0132	0.0131	0.0131	0.0895	0.0155	0.0131	0.0134	0.0192	0.0131	0.0665	0.0138	0.0131	0.0131	0.0131	0.0131	0.0164	0.0198	0.0614	0.0131	0.0133	0.0199	0.0131	0.0922	0.0382	0.0141	0.013	0.0199	0.0664
  I	0.024	0.024	0.024	0.024	0.024	0.0241	0.0241	0.0213	0	0.024	0.024	0.0238	0.024	0.0354	0.024	0.024	0.024	0.024	0.0238	0.024	0.024	0.0235	0.024	0.024	0.024	0.0235	0.024	0.0228	0.0233	0.024	0.024	0.024	0.024	0.0239	0.024	0.0239	0.024	0.0239	0.024	0.024	0.0234	0.0238	0.024	0.024	0.024	0.0232
  J	0.0215	0.0215	0.0215	0.0215	0.0215	0.0216	0.0216	0.029	0.0215	0	0.0215	0.0213	0.0215	0.0212	0.0215	0.0215	0.0215	0.0215	0.0213	0.0215	0.0215	0.0211	0.0215	0.0215	0.0215	0.0211	0.0215	0.0206	0.021	0.0216	0.0215	0.0215	0.0215	0.0215	0.0215	0.0215	0.0215	0.0215	0.0215	0.0215	0.021	0.0213	0.0215	0.0215	0.0215	0.0209
  K	0.0236	0.0236	0.0236	0.0236	0.0236	0.0237	0.0237	0.021	0.0236	0.0236	0	0.0503	0.0344	0.0386	0.0239	0.0236	0.0236	0.0354	0.0234	0.0236	0.0236	0.0238	0.0236	0.0236	0.0236	0.0231	0.0238	0.0225	0.0499	0.0237	0.0236	0.0236	0.0236	0.0236	0.0236	0.0238	0.0237	0.0235	0.0236	0.0238	0.0231	0.0234	0.0236	0.0354	0.0236	0.0343
  L	0.0129	0.0194	0.0129	0.0129	0.0129	0.0129	0.0129	0.0196	0.0129	0.0129	0.0277	0	0.0129	0.1221	0.0141	0.0129	0.0157	0.0184	0.013	0.0129	0.0258	0.0538	0.0129	0.0153	0.0129	0.0146	0.0136	0.0261	0.1386	0.0129	0.0137	0.0129	0.0188	0.0129	0.0129	0.0348	0.0132	0.0129	0.0129	0.0225	0.0128	0.0381	0.0253	0.0194	0.0129	0.0183
  M	0.0243	0.0243	0.0244	0.0243	0.0243	0.0244	0.0244	0.0216	0.0243	0.0243	0.0354	0.0241	0	0.0269	0.0244	0.0243	0.0243	0.0243	0.0241	0.0243	0.0243	0.0239	0.0243	0.0244	0.0244	0.0238	0.0244	0.0231	0.0237	0.0244	0.0243	0.0244	0.0243	0.0243	0.0243	0.0243	0.0244	0.0243	0.0243	0.0243	0.0237	0.0241	0.0243	0.0243	0.0243	0.0235
  N	0.0184	0.034	0.0251	0.0183	0.0183	0.0184	0.0184	0.0505	0.0275	0.0183	0.0304	0.1747	0.0205	0	0.0197	0.0186	0.035	0.0183	0.0347	0.0183	0.0183	0.0384	0.0183	0.0184	0.0184	0.0203	0.0191	0.0218	0.0719	0.0183	0.0184	0.0183	0.0183	0.0183	0.0553	0.0398	0.0187	0.0183	0.0183	0.023	0.0182	0.0247	0.0462	0.0183	0.0183	0.018
  O	0.0242	0.0242	0.0242	0.0242	0.0242	0.0242	0.0243	0.0215	0.0242	0.0242	0.0245	0.0262	0.0242	0.0256	0	0.0242	0.0242	0.0242	0.024	0.0242	0.0242	0.0267	0.0242	0.0242	0.0242	0.0236	0.0313	0.023	0.0238	0.0242	0.0242	0.0242	0.0242	0.0241	0.0242	0.0241	0.028	0.0241	0.0242	0.0242	0.0236	0.024	0.0242	0.0242	0.0242	0.0233
  P	0.0119	0.0119	0.0119	0.0119	0.0119	0.0119	0.0119	0.0729	0.0119	0.0119	0.0119	0.0118	0.0119	0.0119	0.0119	0	0.0119	0.0119	0.0118	0.0119	0.0119	0.0179	0.0119	0.0119	0.0119	0.0118	0.0119	0.0116	0.0148	0.0119	0.0119	0.0119	0.0119	0.0119	0.0119	0.0119	0.0119	0.0177	0.0119	0.0119	0.0117	0.0144	0.0119	0.0119	0.0119	0.0117
  Q	0.0218	0.0218	0.0218	0.0218	0.0218	0.0219	0.0219	0.0267	0.0218	0.0218	0.0218	0.0263	0.0218	0.0411	0.0218	0.0218	0	0.0218	0.0216	0.0218	0.0218	0.0215	0.0218	0.0218	0.0218	0.0248	0.0218	0.0291	0.0215	0.0218	0.0218	0.0218	0.0218	0.0218	0.0218	0.0218	0.0218	0.0218	0.0218	0.0218	0.0214	0.0217	0.0218	0.0218	0.0218	0.0212
  R	0.0241	0.0241	0.0241	0.0241	0.0241	0.0241	0.0242	0.0214	0.0241	0.0241	0.0361	0.0341	0.0241	0.0237	0.0241	0.0241	0.0241	0	0.0239	0.0241	0.0241	0.0236	0.0241	0.0241	0.0241	0.0236	0.0241	0.0229	0.0251	0.0241	0.0241	0.0241	0.0241	0.024	0.0241	0.024	0.0241	0.024	0.0241	0.0241	0.0235	0.0239	0.0241	0.0241	0.0241	0.0233
  S	0.0238	0.0238	0.0283	0.024	0.0238	0.0252	0.0263	0.0216	0.0238	0.0238	0.0238	0.024	0.0238	0.0448	0.0238	0.0239	0.0238	0.0238	0	0.0238	0.0238	0.0235	0.0238	0.0238	0.0265	0.027	0.0238	0.0353	0.024	0.0247	0.0238	0.0333	0.0238	0.0238	0.0238	0.0238	0.0238	0.0239	0.0238	0.0238	0.0235	0.0271	0.0238	0.0238	0.0238	0.0231
  T	0.0235	0.0235	0.0235	0.0235	0.0235	0.0236	0.0236	0.021	0.0235	0.0235	0.0235	0.0233	0.0235	0.0232	0.0235	0.0235	0.0235	0.0235	0.0233	0	0.0235	0.0231	0.0235	0.0235	0.0236	0.0344	0.0235	0.0225	0.0229	0.0236	0.0235	0.0235	0.0235	0.0235	0.0235	0.0234	0.0235	0.0235	0.0235	0.0235	0.0349	0.0299	0.0235	0.0235	0.0235	0.0275
  U	0.0244	0.0244	0.0244	0.0244	0.0244	0.0245	0.0245	0.0216	0.0244	0.0244	0.0244	0.0484	0.0244	0.024	0.0245	0.0244	0.0244	0.0244	0.0242	0.0244	0	0.024	0.0244	0.0244	0.0245	0.0239	0.0245	0.0232	0.0238	0.0245	0.0244	0.0245	0.0244	0.0244	0.0244	0.0243	0.0245	0.0244	0.0244	0.0244	0.0238	0.0242	0.0244	0.0244	0.0244	0.0236
  V	0.014	0.0132	0.0111	0.0111	0.0111	0.0111	0.0111	0.0686	0.0111	0.0111	0.0114	0.0468	0.0111	0.0234	0.0125	0.017	0.0112	0.0111	0.0111	0.0111	0.0111	0	0.0111	0.0111	0.0111	0.0384	0.0119	0.0703	0.0392	0.0111	0.0111	0.0111	0.0111	0.0253	0.0111	0.0112	0.0115	0.0113	0.0281	0.0167	0.0222	0.0112	0.0131	0.0111	0.0111	0.0166
  W	0.0233	0.0233	0.0233	0.0233	0.0233	0.0233	0.0233	0.0244	0.0233	0.0233	0.0233	0.0231	0.0233	0.0229	0.0233	0.0233	0.0233	0.0233	0.0231	0.0233	0.0233	0.0228	0	0.0233	0.0233	0.0228	0.0233	0.0222	0.0227	0.0233	0.0233	0.0233	0.0233	0.0232	0.0233	0.0312	0.0233	0.0232	0.0233	0.0233	0.0227	0.0231	0.0233	0.0233	0.0233	0.0225
  X	0.0243	0.0243	0.0243	0.0243	0.0243	0.0244	0.0244	0.0216	0.0243	0.0243	0.0243	0.0286	0.0243	0.0241	0.0244	0.0243	0.0243	0.0243	0.0241	0.0243	0.0243	0.0239	0.0243	0	0.0244	0.0238	0.0244	0.0231	0.0237	0.0244	0.0244	0.0244	0.0243	0.0243	0.0243	0.0243	0.0244	0.0243	0.0243	0.0331	0.0237	0.0241	0.0243	0.0243	0.0243	0.0235
  Y	0.0239	0.0239	0.0239	0.024	0.0239	0.0243	0.0246	0.0216	0.0239	0.0239	0.0239	0.0237	0.0239	0.0236	0.0239	0.0239	0.0239	0.0239	0.0263	0.0239	0.0239	0.0235	0.0239	0.0239	0	0.0279	0.0239	0.0239	0.0233	0.0242	0.0239	0.0242	0.0239	0.0239	0.0239	0.0238	0.0239	0.024	0.0239	0.0239	0.0234	0.0247	0.0239	0.0239	0.0239	0.0231
  Z	0.0108	0.0108	0.0108	0.0703	0.0108	0.0111	0.0113	0.0143	0.0108	0.0108	0.0108	0.0123	0.0108	0.012	0.0108	0.0109	0.0125	0.0108	0.0123	0.0161	0.0108	0.0373	0.0108	0.0108	0.0128	0	0.0108	0.2318	0.0124	0.0109	0.0108	0.011	0.0108	0.0108	0.0108	0.0109	0.0108	0.0651	0.0108	0.0108	0.0331	0.0594	0.0108	0.0108	0.0108	0.0176
  [	0.0243	0.0243	0.0243	0.0243	0.0243	0.0244	0.0244	0.0216	0.0243	0.0243	0.0245	0.0254	0.0243	0.025	0.0315	0.0243	0.0243	0.0243	0.0241	0.0243	0.0243	0.0256	0.0243	0.0243	0.0243	0.0238	0	0.0231	0.0238	0.0244	0.0243	0.0243	0.0243	0.0243	0.0243	0.0242	0.0352	0.0242	0.0243	0.0243	0.0237	0.0241	0.0243	0.0243	0.0243	0.0235
  \	0.0305	0.0117	0.0117	0.0176	0.0117	0.0118	0.0119	0.0553	0.0117	0.0117	0.0117	0.0246	0.0117	0.0144	0.0117	0.012	0.0164	0.0117	0.018	0.0117	0.0117	0.0762	0.0117	0.0117	0.0123	0.2586	0.0117	0	0.1951	0.0117	0.0122	0.0118	0.0117	0.0118	0.0117	0.0189	0.0117	0.0264	0.0117	0.0124	0.3484	0.0184	0.0117	0.0117	0.0117	0.0212
  ]	0.0173	0.0103	0.0103	0.0104	0.0103	0.0103	0.0104	0.0099	0.0103	0.0104	0.0224	0.1132	0.0103	0.041	0.0105	0.0132	0.0105	0.0111	0.0106	0.0103	0.0103	0.0368	0.0103	0.0103	0.0104	0.012	0.0104	0.1689	0	0.0103	0.0103	0.0103	0.0103	0.0134	0.0104	0.0215	0.0104	0.0131	0.0104	0.0116	0.0119	0.0117	0.0103	0.0103	0.0104	0.0114
  ^	0.0244	0.0244	0.0244	0.0244	0.0244	0.0337	0.0282	0.0216	0.0244	0.0244	0.0244	0.0242	0.0244	0.024	0.0244	0.0244	0.0244	0.0244	0.025	0.0244	0.0244	0.0239	0.0244	0.0244	0.0246	0.0242	0.0244	0.0233	0.0237	0	0.0244	0.0245	0.0244	0.0243	0.0244	0.0243	0.0244	0.0244	0.0244	0.0244	0.0238	0.025	0.0244	0.0244	0.0244	0.0236
  _	0.0241	0.0241	0.0241	0.0241	0.0241	0.0242	0.0242	0.0214	0.0241	0.0241	0.0241	0.0254	0.0241	0.0239	0.0242	0.0241	0.0241	0.0241	0.0239	0.0241	0.0241	0.0237	0.0241	0.0241	0.0242	0.0236	0.0241	0.0241	0.0235	0.0242	0	0.0242	0.0241	0.0241	0.0241	0.024	0.0241	0.0241	0.0241	0.031	0.0235	0.0288	0.0241	0.0241	0.0241	0.0233
  `	0.0241	0.0241	0.0241	0.0241	0.0241	0.0243	0.0245	0.0214	0.0241	0.0241	0.0241	0.0239	0.0241	0.0237	0.0241	0.0241	0.0241	0.0241	0.0334	0.0241	0.0241	0.0237	0.0241	0.0241	0.0244	0.0242	0.0241	0.0231	0.0235	0.0243	0.0241	0	0.0241	0.0241	0.0241	0.024	0.0241	0.0241	0.0241	0.0241	0.0235	0.0243	0.0241	0.0241	0.0241	0.0233
  a	0.0241	0.0241	0.0241	0.024	0.0241	0.0241	0.0241	0.0214	0.0241	0.0241	0.024	0.0347	0.0241	0.0237	0.0241	0.024	0.024	0.0241	0.0238	0.024	0.0241	0.0236	0.0241	0.0241	0.0241	0.0235	0.0241	0.0229	0.0234	0.0241	0.0241	0.0241	0	0.024	0.024	0.024	0.0241	0.024	0.024	0.0241	0.0235	0.0238	0.0241	0.0241	0.0241	0.0254
  b	0.0219	0.0219	0.0219	0.0218	0.0219	0.0219	0.0219	0.0244	0.0219	0.0219	0.0218	0.0218	0.0219	0.0216	0.0219	0.0219	0.0219	0.0219	0.0217	0.0219	0.0219	0.0491	0.0219	0.0219	0.0219	0.0215	0.0219	0.0212	0.0277	0.0219	0.0219	0.0219	0.0218	0	0.0219	0.0218	0.0219	0.0218	0.0219	0.0219	0.0214	0.0217	0.0219	0.0219	0.0219	0.0212
  c	0.0219	0.0219	0.0219	0.0219	0.0219	0.0219	0.0219	0.0294	0.0219	0.0219	0.0219	0.0217	0.0219	0.0651	0.0219	0.0219	0.0219	0.0219	0.0217	0.0219	0.0219	0.0215	0.0219	0.0219	0.0219	0.0215	0.0219	0.0209	0.0213	0.0219	0.0219	0.0219	0.0219	0.0218	0	0.0218	0.0219	0.0218	0.0219	0.0219	0.0214	0.0217	0.0219	0.0219	0.0219	0.0212
  d	0.0149	0.0148	0.0148	0.0148	0.0148	0.0149	0.0149	0.062	0.0148	0.0148	0.015	0.0398	0.0148	0.0318	0.0149	0.0149	0.0149	0.0148	0.0148	0.0148	0.0148	0.0148	0.02	0.0148	0.0149	0.0147	0.0149	0.023	0.0302	0.0149	0.0148	0.0148	0.0148	0.0148	0.0148	0	0.0148	0.0148	0.0148	0.015	0.0147	0.0148	0.0148	0.0148	0.0148	0.0146
  e	0.0244	0.0244	0.0244	0.0244	0.0244	0.0245	0.0245	0.0216	0.0244	0.0244	0.0245	0.0248	0.0244	0.0245	0.0282	0.0244	0.0244	0.0244	0.0242	0.0244	0.0244	0.0248	0.0244	0.0244	0.0244	0.0239	0.0354	0.0232	0.0238	0.0244	0.0244	0.0244	0.0244	0.0243	0.0244	0.0243	0	0.0243	0.0244	0.0244	0.0238	0.0242	0.0244	0.0244	0.0244	0.0235
  f	0.0203	0.0203	0.0203	0.0303	0.0203	0.0204	0.0204	0.0184	0.0203	0.0203	0.0202	0.0201	0.0203	0.02	0.0203	0.0303	0.0203	0.0203	0.0202	0.0203	0.0203	0.0203	0.0203	0.0203	0.0204	0.1203	0.0203	0.0438	0.0251	0.0203	0.0203	0.0203	0.0202	0.0202	0.0203	0.0202	0.0203	0	0.0203	0.0203	0.0354	0.0423	0.0203	0.0203	0.0203	0.0296
  g	0.0215	0.0215	0.0215	0.0215	0.0215	0.0215	0.0215	0.029	0.0215	0.0215	0.0215	0.0213	0.0215	0.0212	0.0215	0.0215	0.0215	0.0215	0.0213	0.0215	0.0215	0.0534	0.0215	0.0215	0.0215	0.0211	0.0215	0.0206	0.021	0.0215	0.0215	0.0215	0.0215	0.0215	0.0215	0.0214	0.0215	0.0214	0	0.0215	0.021	0.0213	0.0215	0.0215	0.0215	0.0208
  h	0.0243	0.0243	0.0243	0.0243	0.0243	0.0244	0.0244	0.0216	0.0243	0.0243	0.0245	0.0421	0.0243	0.0301	0.0244	0.0243	0.0243	0.0243	0.0241	0.0243	0.0243	0.0359	0.0243	0.0331	0.0243	0.0238	0.0244	0.0247	0.0266	0.0244	0.0312	0.0243	0.0243	0.0243	0.0243	0.0246	0.0243	0.0242	0.0243	0	0.0237	0.0302	0.0243	0.0243	0.0243	0.0235
  i	0.0075	0.0062	0.0062	0.0062	0.0062	0.0062	0.0062	0.0398	0.0062	0.0062	0.0062	0.0063	0.0062	0.0062	0.0062	0.0063	0.0062	0.0062	0.0062	0.0094	0.0062	0.0125	0.0062	0.0062	0.0062	0.0192	0.0062	0.1807	0.0071	0.0062	0.0062	0.0062	0.0062	0.0062	0.0062	0.0063	0.0062	0.0111	0.0062	0.0062	0	0.0094	0.0062	0.0062	0.0062	0.0234
  j	0.0164	0.0163	0.0163	0.0164	0.0163	0.0173	0.0181	0.0427	0.0163	0.0163	0.0163	0.0482	0.0163	0.0219	0.0163	0.0199	0.0164	0.0163	0.0186	0.0209	0.0163	0.0163	0.0163	0.0163	0.017	0.089	0.0163	0.0247	0.0182	0.0169	0.0196	0.0166	0.0163	0.0163	0.0163	0.0163	0.0163	0.0343	0.0163	0.0205	0.0243	0	0.0163	0.0163	0.0163	0.0552
  k	0.0236	0.0236	0.0237	0.0236	0.0236	0.0237	0.0237	0.0226	0.0236	0.0236	0.0236	0.0459	0.0236	0.0587	0.0237	0.0236	0.0236	0.0236	0.0234	0.0236	0.0236	0.0274	0.0236	0.0237	0.0237	0.0231	0.0237	0.0225	0.023	0.0237	0.0236	0.0237	0.0236	0.0236	0.0236	0.0236	0.0237	0.0236	0.0236	0.0236	0.0231	0.0234	0	0.0236	0.0236	0.0229
  l	0.0247	0.0247	0.0247	0.0247	0.0247	0.0248	0.0248	0.0219	0.0247	0.0247	0.037	0.0368	0.0247	0.0243	0.0247	0.0247	0.0247	0.0247	0.0245	0.0247	0.0247	0.0242	0.0247	0.0247	0.0247	0.0242	0.0247	0.0235	0.024	0.0248	0.0247	0.0247	0.0247	0.0247	0.0247	0.0246	0.0247	0.0246	0.0247	0.0247	0.0241	0.0245	0.0247	0	0.0247	0.0238
  m	0.0215	0.0215	0.0215	0.0215	0.0215	0.0216	0.0216	0.029	0.0215	0.0215	0.0215	0.0213	0.0215	0.0212	0.0215	0.0215	0.0215	0.0215	0.0213	0.0215	0.0215	0.0211	0.0215	0.0215	0.0215	0.0211	0.0215	0.0206	0.021	0.0216	0.0215	0.0215	0.0215	0.0215	0.0215	0.0214	0.0215	0.0215	0.0215	0.0215	0.021	0.0213	0.0215	0.0215	0	0.0209
  n	0.0127	0.0127	0.0127	0.0127	0.0317	0.0127	0.0127	0.059	0.0127	0.0127	0.019	0.0184	0.0127	0.0127	0.0127	0.0129	0.0127	0.0127	0.0126	0.0153	0.0127	0.0192	0.0127	0.0127	0.0127	0.021	0.0127	0.0227	0.014	0.0127	0.0127	0.0127	0.0139	0.0127	0.0127	0.0128	0.0127	0.0191	0.0127	0.0127	0.0482	0.0439	0.0127	0.0127	0.0127	0
