{
  "generated_by": {
    "program": "augur",
    "version": "13.0.2"
  },
  "models": {
    "country": {
      "alphabet": [
        "Australia",
        "Austria",
        "Azerbaijan",
        "Brunei",
        "Cambodia",
        "Cameroon",
        "Central African Republic",
        "China",
        "Croatia",
        "Egypt",
        "Finland",
        "France",
        "Georgia",
        "Germany",
        "Guinea",
        "Hong Kong",
        "Hungary",
        "Iceland",
        "India",
        "Indonesia",
        "Italy",
        "Japan",
        "Kazakhstan",
        "Latvia",
        "Madagascar",
        "Malaysia",
        "Mauritania",
        "Na",
        "Netherlands",
        "Niger",
        "Norway",
        "Pakistan",
        "Peru",
        "Philippines",
        "Poland",
        "Russia",
        "Senegal",
        "Singapore",
        "South Korea",
        "Spain",
        "Taiwan",
        "Thailand",
        "Tunisia",
        "United Kingdom",
        "Usa",
        "Viet Nam",
        "?"
      ],
      "equilibrium_probabilities": [
        0.021476454662003954,
        0.025588614739060978,
        0.025311593579212897,
        0.021817175477568132,
        0.024039348444148633,
        0.025656592534706788,
        0.02549643610944014,
        0.015577305039923071,
        0.02533966138151693,
        0.02273456700773428,
        0.024966770585181368,
        0.013733748535314623,
        0.025704749128971673,
        0.019654286447568073,
        0.025526638563969455,
        0.01254681458492347,
        0.02303811339286218,
        0.025438963200635697,
        0.025367137389649,
        0.024852598990460315,
        0.025810317318165833,
        0.011942089077225894,
        0.024577964253260556,
        0.025703103431532124,
        0.025231294981733637,
        0.011615275990235327,
        0.025671286720588438,
        0.012955915912093802,
        0.0112157647299133,
        0.025720946238248336,
        0.025486978623713328,
        0.0254500452861145,
        0.02541437600716443,
        0.023127045566675535,
        0.023118174752984458,
        0.015731593567910228,
        0.025754115931952478,
        0.02146289149710114,
        0.022698483832913237,
        0.025686834916959007,
        0.006717908074037655,
        0.01739872856638448,
        0.024970565639379064,
        0.026098386150613658,
        0.02272480909464938,
        0.013847534043598635
      ],
      "rate": 10.958387746943789,
      "transition_matrix": [
        [
          0.0,
          0.9469367444304265,
          0.9470471374339458,
          0.9463445145827174,
          0.9469380374512996,
          0.9489192605254969,
          0.9496547069978899,
          0.8554724490247338,
          0.9469321507713169,
          0.946891160650666,
          0.946271546518535,
          0.9396348986782003,
          0.9470201956389058,
          0.9341288427581061,
          0.9473419057284016,
          0.9464293432399455,
          0.9465976119893882,
          0.9468357107090658,
          0.9398257606900655,
          0.9466775413966689,
          0.9468997410519969,
          1.169213500430094,
          0.9470082265066059,
          0.9470368565452822,
          0.9477156032111377,
          0.9297573940030821,
          0.9472639086483043,
          2.357482031834605,
          1.5390843138620893,
          0.9484948808469,
          0.9470481664823426,
          0.9473846638226407,
          0.9465001236151338,
          0.9454311394675217,
          0.9465915792463263,
          0.9439881839567634,
          0.9471897635472156,
          0.9442797863513877,
          0.946523086166309,
          0.9469168735419915,
          1.1102439885502888,
          0.939792792015628,
          0.9468297760122352,
          0.9467932531509045,
          0.9470264028322137,
          0.9194461368357776
        ],
        [
          0.9469367444304265,
          0.0,
          0.9473157707695666,
          0.9463473420725507,
          0.9470761853528209,
          0.9492290010261822,
          0.9499890268294922,
          0.8398193756503034,
          0.947095683614742,
          0.9470093887554724,
          0.9463341894777564,
          1.4118199604500814,
          0.9472162913204497,
          1.7301722863424893,
          0.9476864898811278,
          0.9472284464199415,
          0.9466056378852153,
          0.9469645147735856,
          0.9382013639904965,
          0.9467534180929946,
          0.9470460056111558,
          1.1050561186629106,
          0.9471638103032797,
          0.9472476966743844,
          0.9474948297457015,
          0.9260896409593524,
          0.947564883261007,
          0.9008685303974038,
          0.9211451012364569,
          0.9487903197284407,
          0.9471910030083734,
          0.9474562624212717,
          0.9466202659978652,
          0.9451824467160792,
          0.9467131600660078,
          0.9434289528027731,
          0.9474449355606334,
          0.9437763771292051,
          0.9465788639956237,
          0.9470860497461971,
          0.9233192539931496,
          0.9381273797689521,
          0.9470385283093838,
          0.946921703571424,
          0.9471704990270687,
          0.914381676965582
        ],
        [
          0.9470471374339458,
          0.9473157707695666,
          0.0,
          0.9464848849596074,
          0.9472109909062998,
          0.9495215439894695,
          0.9503679024184544,
          0.8406620268806119,
          0.947276974002737,
          0.9471377692915853,
          0.9465145989298691,
          0.9386063829314686,
          0.9473582082099926,
          1.2771983768268642,
          0.947678374982716,
          0.9464182053804054,
          0.946774902250345,
          0.9471077595543741,
          1.114817518517017,
          0.9468970119508355,
          0.9471905031339622,
          0.9285612287998135,
          0.9472995414001844,
          0.9473530650515481,
          0.9478901658550454,
          0.9265534379467265,
          0.9475944568387201,
          0.9013436773442882,
          0.9213727386608583,
          0.9490357861464959,
          0.9473180245978735,
          0.9478408746127154,
          0.9467117343185987,
          0.9452652145810828,
          0.9469904176649806,
          0.943612840208091,
          0.9475164608833038,
          0.9439267224480921,
          0.946668593266082,
          0.9471722370904965,
          0.9235965206039016,
          0.9386466510675952,
          0.9472350204707981,
          0.947068757187437,
          0.9472971469684328,
          0.9147368695744365
        ],
        [
          0.9463445145827174,
          0.9463473420725507,
          0.9464848849596074,
          0.0,
          0.9463960713604221,
          0.9502465277733693,
          0.9521022489590184,
          0.8560786968554033,
          0.9463607955700637,
          0.9463789019118405,
          0.9456585848249441,
          0.9389426531861684,
          0.9464421387458443,
          0.9334699252181465,
          0.9467188309402033,
          0.9461353873613535,
          0.9468707333164021,
          0.9462589793889686,
          0.9445422123993638,
          0.9462040823761784,
          0.9463174519408928,
          0.9308069135369731,
          0.9464559922533937,
          0.9464593041249995,
          0.9523600872819745,
          6.049806979802363,
          0.9466507537769798,
          1.3604241789976323,
          0.9244807948239477,
          0.9492239992612792,
          0.9464543820178477,
          0.9483897418230351,
          0.945921623293457,
          0.9447618297835491,
          0.9460667272758945,
          0.9435265027279359,
          0.9465884551406043,
          1.4119278528454289,
          0.9459778550274305,
          0.946288673522736,
          0.9273313935203648,
          0.9427082111221139,
          0.9462534803139366,
          0.9462029030071404,
          0.9465163720577194,
          0.918747034326439
        ],
        [
          0.9469380374512996,
          0.9470761853528209,
          0.9472109909062998,
          0.9463960713604221,
          0.0,
          0.9491208111859432,
          0.949839884182594,
          0.8452951390674656,
          0.9470838758755346,
          0.9470180074503731,
          0.946296725839458,
          0.9386579059271589,
          0.9471851180226943,
          0.9325345669933031,
          0.947477353692056,
          0.9463888927481565,
          0.9465743692498542,
          0.9469747505655166,
          0.9386334201295672,
          0.9468170530857426,
          0.9470510637908215,
          0.9293371296545779,
          0.9471632460855235,
          0.947203310799514,
          0.947488791763839,
          0.9273081599454706,
          0.9474073655396567,
          0.9033748622440043,
          0.9224061155511402,
          0.9487042174840572,
          0.9471711368345492,
          0.9474472075623788,
          0.946742927572937,
          0.9452432592013236,
          0.9466853750052237,
          0.9436257933247342,
          0.9473435209518684,
          0.9439684643902381,
          0.9465742275553316,
          0.9469911682556382,
          0.9247220452271964,
          0.9387249196846128,
          0.9469516887500085,
          0.9469341007474876,
          0.9471693579544019,
          2.291440788811224
        ],
        [
          0.9489192605254969,
          0.9492290010261822,
          0.9495215439894695,
          0.9502465277733693,
          0.9491208111859432,
          0.0,
          1.17052407635027,
          0.8425670363909353,
          0.9492122586323096,
          0.9489424698254704,
          0.9482392027207014,
          0.9397725038987612,
          0.9493413316568803,
          0.9340439449038879,
          0.9496467310508456,
          0.9476437433225489,
          0.9485632252085395,
          0.9491045875001604,
          0.9932033816182468,
          0.9492252108980599,
          0.9492262819706409,
          0.9300954082991567,
          0.9492027217307579,
          0.9493673135914008,
          0.9629388806830154,
          0.9523301200450955,
          0.9495802785399912,
          0.9088865449297758,
          0.9226404327565283,
          1.3108593659901258,
          0.94942739373888,
          0.9559372601509691,
          0.9486946186506392,
          0.946960646681674,
          0.9486364986331972,
          0.9449035596175934,
          0.9495177419984981,
          0.9481909127614546,
          0.9484413236281858,
          0.9492414255229327,
          0.9250148065819597,
          0.9938913528977334,
          0.948968130608944,
          0.949115431784948,
          0.9491044263778738,
          0.9162700942204919
        ],
        [
          0.9496547069978899,
          0.9499890268294922,
          0.9503679024184544,
          0.9521022489590184,
          0.949839884182594,
          1.17052407635027,
          0.0,
          0.8454874872583994,
          0.9499603109274847,
          0.9496284256102101,
          0.9489846759487152,
          0.9405922802475537,
          0.9500970705930861,
          0.9352520784849458,
          0.9503974678009364,
          0.9481737482911732,
          0.9493431811373174,
          0.9498560528529206,
          1.0363836164392262,
          0.950173326298143,
          0.9499908948468085,
          0.931171444399915,
          0.9499295727984285,
          0.950124203571282,
          0.9753059597003859,
          0.9735418730971206,
          0.9503345403505075,
          0.9152848809058742,
          0.9236217073116099,
          1.0969013648276096,
          0.9502446022613474,
          0.962281624748822,
          0.9494469211436376,
          0.9476580179346857,
          0.9493439415582388,
          0.9455065108943174,
          0.9502742529350583,
          0.9503897488665556,
          0.9491322768385623,
          0.9500808948205646,
          0.9261514767359981,
          1.0412176153220982,
          0.9497111191828727,
          0.9498859932779974,
          0.9497894658560264,
          0.917435034384085
        ],
        [
          0.8554724490247338,
          0.8398193756503034,
          0.8406620268806119,
          0.8560786968554033,
          0.8452951390674656,
          0.8425670363909353,
          0.8454874872583994,
          0.0,
          0.8403811739670514,
          1.2753257243805483,
          0.8414789188753778,
          1.429283432132984,
          0.839083775399693,
          2.570355826415642,
          0.840394445629918,
          5.812388591562051,
          1.1605878371986262,
          0.8399586967683819,
          0.8500735004993983,
          0.8437695694756692,
          0.8386267179246426,
          5.746239506908686,
          0.9921937246707375,
          0.8390986140188612,
          0.8570539455972995,
          1.2305472865903866,
          0.839660239422713,
          4.272014100067208,
          0.8863370432430476,
          0.8412039501604769,
          0.8400348504417451,
          0.8421887875268386,
          0.8401522761396445,
          1.0549012899340056,
          1.2728627404694242,
          3.944157700549841,
          0.8391688402116478,
          0.8561987663510598,
          1.2754561440073744,
          0.8393432001211257,
          5.92007507437975,
          2.4538688530719828,
          0.9041688956163132,
          0.8374839744629071,
          1.2754579682340557,
          4.261875400226666
        ],
        [
          0.9469321507713169,
          0.947095683614742,
          0.947276974002737,
          0.9463607955700637,
          0.9470838758755346,
          0.9492122586323096,
          0.9499603109274847,
          0.8403811739670514,
          0.0,
          0.947017347845181,
          0.9462811072383238,
          0.9380646267190561,
          0.9472096958034539,
          1.3980158401910463,
          0.9475514243680597,
          0.9463498549356404,
          0.9465704128746155,
          0.946973282691624,
          0.9382128494948015,
          0.9467645325910179,
          0.947053932219603,
          0.9284323036227735,
          0.947171287902315,
          0.9472158380394975,
          0.947491250231197,
          0.9262197934649391,
          0.9474660767562754,
          0.9011139198547952,
          0.9211247637615865,
          0.9487795362975174,
          0.9471822854639897,
          0.9474581075996454,
          0.9465774479478797,
          0.9451463776561251,
          0.9466686975394214,
          0.9434401373166561,
          0.9473853894954598,
          0.9438008743018478,
          0.9465495509301916,
          0.9470002381562532,
          0.9235307747861494,
          0.9381794156057592,
          0.9469523640266183,
          0.9469308750942276,
          0.9471768842619199,
          0.9146341996836584
        ],
        [
          0.946891160650666,
          0.9470093887554724,
          0.9471377692915853,
          0.9463789019118405,
          0.9470180074503731,
          0.9489424698254704,
          0.9496284256102101,
          1.2753257243805483,
          0.947017347845181,
          0.0,
          0.9462739946317552,
          0.9389469414267019,
          0.9471119753585222,
          0.9332677576813987,
          0.9473890775692386,
          0.946412386018766,
          0.9466456681641611,
          0.9469138586940522,
          0.9390664843365463,
          0.9467294468154341,
          0.9469849045895186,
          0.9302998543098955,
          0.9471065233830406,
          0.9471291316562722,
          0.9474611656627661,
          0.9285078954887299,
          0.947322352870837,
          0.9056313162962315,
          0.9236869063795865,
          0.948546841738414,
          0.9470993985284605,
          0.9473694920625801,
          0.9465593114372232,
          0.9453045979005669,
          0.9466476228762571,
          0.943791453100054,
          0.9472616661816302,
          0.9440831224330709,
          0.9465437864463422,
          0.946928595778349,
          0.9258991807331415,
          0.939090762759691,
          0.946904931748441,
          0.9468734318574445,
          0.947106440421366,
          0.9178477995697933
        ],
        [
          0.946271546518535,
          0.9463341894777564,
          0.9465145989298691,
          0.9456585848249441,
          0.946296725839458,
          0.9482392027207014,
          0.9489846759487152,
          0.8414789188753778,
          0.9462811072383238,
          0.9462739946317552,
          0.0,
          2.0143368033074207,
          1.3762473043798946,
          1.5442718487773284,
          0.9588109904315794,
          0.9459974085986208,
          0.9459027190853968,
          1.4191997981898663,
          0.9376077739815567,
          0.9459668622694338,
          0.9462136574989556,
          0.9539859521100984,
          0.9463673299305168,
          0.9464910312375415,
          0.9466018900736841,
          0.9261944212531388,
          0.9539863370472162,
          0.901761964343556,
          1.999821058282995,
          0.9478288207304076,
          0.9464081006373647,
          0.946586529063806,
          0.9459860043084728,
          0.9446130599118365,
          0.9460025855264037,
          0.9513457440473484,
          0.9503591859867887,
          0.9431902071280542,
          0.945832451253512,
          0.9541671261388198,
          0.9236965808957004,
          0.9377827148370561,
          0.9462825486730284,
          1.4188907364583536,
          0.9464312853650502,
          1.3721731544859603
        ],
        [
          0.9396348986782003,
          1.4118199604500814,
          0.9386063829314686,
          0.9389426531861684,
          0.9386579059271589,
          0.9397725038987612,
          0.9405922802475537,
          1.429283432132984,
          0.9380646267190561,
          0.9389469414267019,
          2.0143368033074207,
          0.0,
          0.9382873074205919,
          8.889241036052901,
          1.0258053575301382,
          0.9426061694037471,
          1.1406434987606229,
          1.3408950692849548,
          0.9459122579335397,
          0.9381212295582566,
          1.8757440428866476,
          3.920165600939933,
          0.9384140376321553,
          1.114550515366867,
          0.9391504308920945,
          1.062898013520784,
          0.9885001430003312,
          1.9013809443320275,
          10.089333450550887,
          0.939309627762746,
          0.9963934303300878,
          0.9385632896830537,
          1.3658567439858633,
          0.9409495013649986,
          0.9402678971391613,
          2.532444667724568,
          0.9630965622994796,
          0.938067842679476,
          0.9388142726264296,
          1.6388313875004081,
          0.9324641352493992,
          2.7723057344956534,
          1.8398717974016852,
          1.4093929202531312,
          0.9390352691748376,
          1.3306303665281023
        ],
        [
          0.9470201956389058,
          0.9472162913204497,
          0.9473582082099926,
          0.9464421387458443,
          0.9471851180226943,
          0.9493413316568803,
          0.9500970705930861,
          0.839083775399693,
          0.9472096958034539,
          0.9471119753585222,
          1.3762473043798946,
          0.9382873074205919,
          0.0,
          1.0447406773723014,
          0.9476447349916117,
          0.9463895771847585,
          0.9466624868155277,
          0.9470941260812874,
          0.9381568724975515,
          0.9468645098712164,
          0.9471624590146779,
          0.9282118032335096,
          0.9472756197441496,
          0.9473254809263588,
          0.9475936803923749,
          0.9259572880501284,
          0.9475624811725825,
          0.9005229913434178,
          0.9209095614319357,
          0.9489050057330805,
          0.9472897594403901,
          0.9475667579138977,
          0.9466768630703855,
          0.9452137628659338,
          0.9468110947897811,
          0.9434796815107522,
          0.9474870001354067,
          0.9438435848203465,
          0.9466367660077363,
          0.9471190136877579,
          0.9232250147447697,
          0.9381171354859474,
          0.9470926740819086,
          0.9470547579310575,
          0.9472738094859086,
          0.9142424160652374
        ],
        [
          0.9341288427581061,
          1.7301722863424893,
          1.2771983768268642,
          0.9334699252181465,
          0.9325345669933031,
          0.9340439449038879,
          0.9352520784849458,
          2.570355826415642,
          1.3980158401910463,
          0.9332677576813987,
          1.5442718487773284,
          8.889241036052901,
          1.0447406773723014,
          0.0,
          1.0038069434358994,
          0.9445901903657876,
          1.7823726237113884,
          0.9316762965343375,
          1.764203888107667,
          0.9318401760983513,
          0.9314983114085004,
          1.9562408238281737,
          0.9323871841343855,
          0.9379550070788542,
          0.933736389177668,
          1.0317728306788947,
          0.9736604235438211,
          1.108168630479326,
          3.65798261945557,
          0.9333955218350573,
          0.9386262863082201,
          0.9330192824034824,
          0.9319707914308255,
          0.9323224461115647,
          2.814322393847086,
          2.023337722847922,
          0.9526818075167952,
          0.9318954209777992,
          0.9330491680177116,
          1.1707323487902432,
          0.9252060842933816,
          1.2568972459067143,
          2.3503970568261905,
          0.9318486574389926,
          0.9333924044825791,
          0.9144822960086582
        ],
        [
          0.9473419057284016,
          0.9476864898811278,
          0.947678374982716,
          0.9467188309402033,
          0.947477353692056,
          0.9496467310508456,
          0.9503974678009364,
          0.840394445629918,
          0.9475514243680597,
          0.9473890775692386,
          0.9588109904315794,
          1.0258053575301382,
          0.9476447349916117,
          1.0038069434358994,
          0.0,
          0.9466034820543378,
          0.9470243396924044,
          0.947445242355509,
          0.9385744256074652,
          0.947168963105474,
          0.9475859088674319,
          1.0471114975902927,
          0.947569550227091,
          0.9476626986022875,
          0.9479046610563736,
          0.9264593911845288,
          1.2280020815562442,
          0.9016648993290278,
          0.934252518327742,
          0.9492120105136781,
          0.9476063547325347,
          0.947876469616404,
          0.9470366244522227,
          0.9456926781950787,
          0.9472202738420153,
          0.9444997371157975,
          1.0963451296853546,
          0.9442089854908658,
          0.9471270951082031,
          0.9485047653548634,
          0.923533660715216,
          0.9385544970141808,
          0.9476292296415667,
          0.9474218956165829,
          0.9475498724262565,
          0.9146740806499106
        ],
        [
          0.9464293432399455,
          0.9472284464199415,
          0.9464182053804054,
          0.9461353873613535,
          0.9463888927481565,
          0.9476437433225489,
          0.9481737482911732,
          5.812388591562051,
          0.9463498549356404,
          0.946412386018766,
          0.9459974085986208,
          0.9426061694037471,
          0.9463895771847585,
          0.9445901903657876,
          0.9466034820543378,
          0.0,
          0.9472077660255631,
          0.9462904553273214,
          0.9426127405457233,
          0.9462173495095256,
          0.946316079000582,
          1.4256668865991768,
          0.9464914157920995,
          0.9463987923161071,
          0.9471991178473024,
          0.9387095392090615,
          0.9465483200817498,
          0.9243424210106767,
          1.1786723688672323,
          0.9473456803457864,
          0.946405602279412,
          0.9467074886116613,
          0.9460954157215552,
          0.9457315272780078,
          0.946227888301623,
          0.9450074736179611,
          0.9464965913413624,
          1.4116797309182443,
          0.9461906011055582,
          0.9463234128502911,
          0.9359687817891787,
          1.1456726389502518,
          0.9464051700681437,
          0.9462455641978512,
          0.9464861642973551,
          0.9305568286862542
        ],
        [
          0.9465976119893882,
          0.9466056378852153,
          0.946774902250345,
          0.9468707333164021,
          0.9465743692498542,
          0.9485632252085395,
          0.9493431811373174,
          1.1605878371986262,
          0.9465704128746155,
          0.9466456681641611,
          0.9459027190853968,
          1.1406434987606229,
          0.9466624868155277,
          1.7823726237113884,
          0.9470243396924044,
          0.9472077660255631,
          0.0,
          0.9464398917171317,
          0.9392318974987601,
          0.9463507730729765,
          0.9465087940608449,
          0.933951029450485,
          0.9466950715502229,
          0.9466740884011451,
          0.9474911846108267,
          1.0746476835422574,
          0.9469257957591093,
          1.2631752317906626,
          0.9328122534232912,
          0.9481286402238487,
          0.9466505337830388,
          0.9469793666156417,
          0.9461117461297138,
          0.9449251060328044,
          0.9464211057701147,
          0.9444041411242482,
          0.9468325355417915,
          0.9444579011614614,
          0.9462268489999422,
          0.9465350601239348,
          0.9294544980954824,
          0.940784212608863,
          0.9465822854284837,
          0.9463863816099333,
          0.9467905506349508,
          0.9183609232561709
        ],
        [
          0.9468357107090658,
          0.9469645147735856,
          0.9471077595543741,
          0.9462589793889686,
          0.9469747505655166,
          0.9491045875001604,
          0.9498560528529206,
          0.8399586967683819,
          0.946973282691624,
          0.9469138586940522,
          1.4191997981898663,
          1.3408950692849548,
          0.9470941260812874,
          0.9316762965343375,
          0.947445242355509,
          0.9462904553273214,
          0.9464398917171317,
          0.0,
          0.9380031619427889,
          0.9466505799017252,
          0.9469373275703116,
          0.9283121371459159,
          0.9470600524909402,
          0.947129730122804,
          0.9473776734254538,
          0.9260772195231259,
          0.9473576683630199,
          0.9008904278186812,
          0.9859905463457018,
          0.9486697973790873,
          0.9470767685193542,
          0.9473450408549279,
          0.9465077741710024,
          0.9450407264270935,
          0.9465606323340799,
          0.9433578539917319,
          0.9472741528688133,
          0.943693688185857,
          0.9464445028202082,
          0.9469215120782523,
          0.9234126988190877,
          0.9380705541068163,
          0.9468517884354819,
          0.9468127828518403,
          0.9470740296364173,
          0.9144975922205046
        ],
        [
          0.9398257606900655,
          0.9382013639904965,
          1.114817518517017,
          0.9445422123993638,
          0.9386334201295672,
          0.9932033816182468,
          1.0363836164392262,
          0.8500735004993983,
          0.9382128494948015,
          0.9390664843365463,
          0.9376077739815567,
          0.9459122579335397,
          0.9381568724975515,
          1.764203888107667,
          0.9385744256074652,
          0.9426127405457233,
          0.9392318974987601,
          0.9380031619427889,
          0.0,
          0.938842231340711,
          0.9379645610059121,
          0.9279119658762592,
          0.9384895980253943,
          0.9381441504955368,
          1.0440395187224214,
          1.0625944179306248,
          0.9384235387143052,
          1.392974560587865,
          0.9458004440729001,
          0.972852312169036,
          0.9383946543158219,
          1.3140219982657353,
          0.9376165131879576,
          0.9369812839218116,
          0.9388581004157929,
          0.9386701977193518,
          0.9383015715151117,
          0.942681476241634,
          0.9386139721346136,
          0.938227804042125,
          0.9254809427197669,
          1.069408020728878,
          0.9383016878052945,
          0.9377281215975858,
          0.9392277097739956,
          0.9121559353713103
        ],
        [
          0.9466775413966689,
          0.9467534180929946,
          0.9468970119508355,
          0.9462040823761784,
          0.9468170530857426,
          0.9492252108980599,
          0.950173326298143,
          0.8437695694756692,
          0.9467645325910179,
          0.9467294468154341,
          0.9459668622694338,
          0.9381212295582566,
          0.9468645098712164,
          0.9318401760983513,
          0.947168963105474,
          0.9462173495095256,
          0.9463507730729765,
          0.9466505799017252,
          0.938842231340711,
          0.0,
          0.9467248721150463,
          0.928679761193697,
          0.9468556852348733,
          0.9468834524012109,
          0.9478404971290784,
          1.3858213709746892,
          0.9470948807008528,
          0.9045055457577967,
          0.9214824645478515,
          0.9486841232226779,
          0.9468834491326392,
          0.9473739537945444,
          0.94628760933896,
          0.9448890440455767,
          0.9463810343598263,
          0.9433143041268333,
          0.9470277998951387,
          0.9438242398263093,
          0.9462709131914955,
          0.9466963922793263,
          1.4030547230109136,
          1.2033780034605748,
          0.9466313415568879,
          0.9466003834472853,
          0.9468859536537038,
          1.10625625337917
        ],
        [
          0.9468997410519969,
          0.9470460056111558,
          0.9471905031339622,
          0.9463174519408928,
          0.9470510637908215,
          0.9492262819706409,
          0.9499908948468085,
          0.8386267179246426,
          0.947053932219603,
          0.9469849045895186,
          0.9462136574989556,
          1.8757440428866476,
          0.9471624590146779,
          0.9314983114085004,
          0.9475859088674319,
          0.946316079000582,
          0.9465087940608449,
          0.9469373275703116,
          0.9379645610059121,
          0.9467248721150463,
          0.0,
          0.9281019426531647,
          0.9471394252801097,
          0.9472576355011145,
          0.9474697629716474,
          0.925817545925817,
          0.947486215597886,
          0.9002862469831642,
          0.9206398330168516,
          0.9487831920202725,
          0.9471761231789748,
          0.9474347324347704,
          0.9466473493408063,
          0.9450802798147621,
          0.9466280200447283,
          0.9433539813576773,
          0.9473872954334897,
          0.9437111514611624,
          0.9465085199103308,
          0.9470637879447503,
          0.9230936149878277,
          0.9380157925835545,
          0.9469524379501012,
          0.9468935158825346,
          0.9471474062215691,
          0.914141084787006
        ],
        [
          1.169213500430094,
          1.1050561186629106,
          0.9285612287998135,
          0.9308069135369731,
          0.9293371296545779,
          0.9300954082991567,
          0.931171444399915,
          5.746239506908686,
          0.9284323036227735,
          0.9302998543098955,
          0.9539859521100984,
          3.920165600939933,
          0.9282118032335096,
          1.9562408238281737,
          1.0471114975902927,
          1.4256668865991768,
          0.933951029450485,
          0.9283121371459159,
          0.9279119658762592,
          0.928679761193697,
          0.9281019426531647,
          0.0,
          0.9290598205860022,
          0.9283563334807539,
          0.9322174557652664,
          3.2119770210275624,
          0.9972358080926669,
          5.884177529764965,
          3.284607224773985,
          0.9295286274332193,
          0.9285786724252038,
          0.9292857189700192,
          0.9283576885671908,
          2.1221715053818118,
          0.9307172950797381,
          0.9385140495215288,
          0.9626456624515402,
          0.9478586840852855,
          2.352915127579469,
          1.399409035190663,
          1.8587501169361804,
          0.934847841709496,
          1.0989409408887294,
          0.9278172136709939,
          0.9303756072711251,
          1.3860987495425003
        ],
        [
          0.9470082265066059,
          0.9471638103032797,
          0.9472995414001844,
          0.9464559922533937,
          0.9471632460855235,
          0.9492027217307579,
          0.9499295727984285,
          0.9921937246707375,
          0.947171287902315,
          0.9471065233830406,
          0.9463673299305168,
          0.9384140376321553,
          0.9472756197441496,
          0.9323871841343855,
          0.947569550227091,
          0.9464914157920995,
          0.9466950715502229,
          0.9470600524909402,
          0.9384895980253943,
          0.9468556852348733,
          0.9471394252801097,
          0.9290598205860022,
          0.0,
          0.9472935509048845,
          0.947570379333834,
          0.9269432825619294,
          0.9474983603395899,
          0.9025546761518741,
          0.9219185215943815,
          0.9487882760356555,
          0.9472589573238377,
          0.9475248658100777,
          0.9466745817543017,
          0.945295524150281,
          0.9467677602831776,
          1.26909104832062,
          0.9474347156094821,
          0.9439704547003204,
          0.9466519604152904,
          0.9470789769902348,
          0.9242870011328851,
          0.9385107888381499,
          0.9470437708615033,
          0.9470207939962914,
          0.9472611449802107,
          0.9156731879737809
        ],
        [
          0.9470368565452822,
          0.9472476966743844,
          0.9473530650515481,
          0.9464593041249995,
          0.947203310799514,
          0.9493673135914008,
          0.950124203571282,
          0.8390986140188612,
          0.9472158380394975,
          0.9471291316562722,
          0.9464910312375415,
          1.114550515366867,
          0.9473254809263588,
          0.9379550070788542,
          0.9476626986022875,
          0.9463987923161071,
          0.9466740884011451,
          0.947129730122804,
          0.9381441504955368,
          0.9468834524012109,
          0.9472576355011145,
          0.9283563334807539,
          0.9472935509048845,
          0.0,
          0.9476174679157625,
          0.925970549234747,
          0.9475820929299107,
          0.900589334109483,
          0.9212120766884756,
          0.9489295203972209,
          0.9473869900643352,
          0.9475887485339665,
          0.9467525212032596,
          0.9452294941238448,
          0.9467813503815801,
          0.9435578461990604,
          0.9475069887182964,
          0.9438616315903124,
          0.9466532439160175,
          1.2880580442710183,
          0.9232318040203313,
          0.9383236094521881,
          0.9471424223163007,
          0.9470967155818122,
          0.947290963791668,
          0.9142833212531336
        ],
        [
          0.9477156032111377,
          0.9474948297457015,
          0.9478901658550454,
          0.9523600872819745,
          0.947488791763839,
          0.9629388806830154,
          0.9753059597003859,
          0.8570539455972995,
          0.947491250231197,
          0.9474611656627661,
          0.9466018900736841,
          0.9391504308920945,
          0.9475936803923749,
          0.933736389177668,
          0.9479046610563736,
          0.9471991178473024,
          0.9474911846108267,
          0.9473776734254538,
          1.0440395187224214,
          0.9478404971290784,
          0.9474697629716474,
          0.9322174557652664,
          0.947570379333834,
          0.9476174679157625,
          0.0,
          1.105694070410681,
          0.9478295113867088,
          0.948691849915831,
          0.9236424916589239,
          0.9572098601077963,
          0.9476791533938598,
          0.959102353846122,
          0.9469790046123695,
          0.945521679117815,
          0.9471384486098372,
          0.9443042423969467,
          0.9477623474521452,
          0.9497375956420048,
          0.946994881021841,
          0.9475012208283203,
          0.9279347338226046,
          0.9780467361389192,
          0.9473276472388108,
          0.9473431467782433,
          0.947620434381708,
          0.9166293382724526
        ],
        [
          0.9297573940030821,
          0.9260896409593524,
          0.9265534379467265,
          6.049806979802363,
          0.9273081599454706,
          0.9523301200450955,
          0.9735418730971206,
          1.2305472865903866,
          0.9262197934649391,
          0.9285078954887299,
          0.9261944212531388,
          1.062898013520784,
          0.9259572880501284,
          1.0317728306788947,
          0.9264593911845288,
          0.9387095392090615,
          1.0746476835422574,
          0.9260772195231259,
          1.0625944179306248,
          1.3858213709746892,
          0.925817545925817,
          3.2119770210275624,
          0.9269432825619294,
          0.925970549234747,
          1.105694070410681,
          0.0,
          0.9262531214692769,
          19.95808457945637,
          1.0694780725260655,
          0.9423717808997378,
          0.9269205838111352,
          0.9505225530307304,
          0.9259691083054463,
          0.9275372290292738,
          0.9281110557865172,
          0.9344002031731772,
          0.9260918942088848,
          5.604926089490515,
          0.9283779109920748,
          0.9268331208644754,
          2.8533311552497924,
          5.116728740107584,
          0.9265942140245269,
          0.9255224993560767,
          0.9285865594594679,
          1.5170098411394783
        ],
        [
          0.9472639086483043,
          0.947564883261007,
          0.9475944568387201,
          0.9466507537769798,
          0.9474073655396567,
          0.9495802785399912,
          0.9503345403505075,
          0.839660239422713,
          0.9474660767562754,
          0.947322352870837,
          0.9539863370472162,
          0.9885001430003312,
          0.9475624811725825,
          0.9736604235438211,
          1.2280020815562442,
          0.9465483200817498,
          0.9469257957591093,
          0.9473576683630199,
          0.9384235387143052,
          0.9470948807008528,
          0.947486215597886,
          0.9972358080926669,
          0.9474983603395899,
          0.9475820929299107,
          0.9478295113867088,
          0.9262531214692769,
          0.0,
          0.9011773363730993,
          0.9288091901277816,
          0.9491438919236828,
          0.947529786087775,
          0.9478028161097046,
          0.9469488674080546,
          0.9455616776214708,
          0.9471076380405855,
          0.9441230896331769,
          1.373078365910969,
          0.9441099555817521,
          0.9470043734017053,
          0.9480137442986605,
          0.923367024359857,
          0.9384100580182315,
          0.9474849317378637,
          0.9473301739696803,
          0.9474840471398788,
          0.9144408528602892
        ],
        [
          2.357482031834605,
          0.9008685303974038,
          0.9013436773442882,
          1.3604241789976323,
          0.9033748622440043,
          0.9088865449297758,
          0.9152848809058742,
          4.272014100067208,
