Map from character to field name
A:	Australia
B:	Austria
C:	Azerbaijan
D:	Brunei
E:	Cambodia
F:	Cameroon
G:	Central African Republic
H:	China
I:	Croatia
J:	Finland
K:	France
L:	Georgia
M:	Germany
N:	Guinea
O:	Hong Kong
P:	Hungary
Q:	Iceland
R:	India
S:	Indonesia
T:	Italy
U:	Japan
V:	Kazakhstan
W:	Latvia
X:	Madagascar
Y:	Malaysia
Z:	Mauritania
[:	Na
\:	Netherlands
]:	Niger
^:	Norway
_:	Pakistan
`:	Peru
a:	Philippines
b:	Poland
c:	Russia
d:	Senegal
e:	Singapore
f:	South Korea
g:	Spain
h:	Taiwan
i:	Thailand
j:	Tunisia
k:	United Kingdom
l:	Viet Nam
m:	?


Substitution rate (mu): 10.9401

Equilibrium frequencies (pi_i):
  A: 0.0226
  B: 0.0263
  C: 0.0264
  D: 0.0261
  E: 0.025
  F: 0.0266
  G: 0.0262
  H: 0.0159
  I: 0.0265
  J: 0.0244
  K: 0.0145
  L: 0.0266
  M: 0.0191
  N: 0.0269
  O: 0.011
  P: 0.0237
  Q: 0.0265
  R: 0.0255
  S: 0.026
  T: 0.0269
  U: 0.0145
  V: 0.0269
  W: 0.0269
  X: 0.025
  Y: 0.0118
  Z: 0.027
  [: 0.0149
  \: 0.0105
  ]: 0.0267
  ^: 0.0266
  _: 0.0264
  `: 0.0265
  a: 0.0256
  b: 0.0239
  c: 0.0158
  d: 0.027
  e: 0.0251
  f: 0.0235
  g: 0.0268
  h: 0.0068
  i: 0.0217
  j: 0.026
  k: 0.0275
  l: 0.0138

Symmetrized rates from j->i (W_ij):
	A	B	C	D	E	F	G	H	I	J	K	L	M	N	O	P	Q	R	S	T	U	V	W	X	Y	Z	[	\	]	^	_	`	a	b	c	d	e	f	g	h	i	j	k	l
  A	0	0.9409	0.941	0.9403	0.9408	0.9425	0.9431	0.8357	0.9408	0.9402	0.9323	0.9413	0.9275	0.9413	0.9398	0.9409	0.9407	0.933	0.9407	0.9408	0.9278	0.9409	0.9409	0.9412	0.9301	0.9412	2.3428	1.7489	0.9422	0.941	0.9411	0.9403	0.9391	0.9405	0.9376	0.9411	0.939	0.9404	0.9408	0.9194	0.9317	0.9407	0.9407	0.9118
  B	0.9409	0	0.9413	0.9405	0.9412	0.9429	0.9435	0.8662	0.9411	0.9405	1.379	0.9415	1.8126	0.9415	0.9398	0.9412	0.941	0.9319	0.9409	0.9411	0.9784	0.9411	0.9412	0.9412	0.9284	0.9415	0.8971	0.911	0.9426	0.9412	0.9413	0.9405	0.939	0.9408	0.9373	0.9414	0.939	0.9406	0.9411	0.9159	0.9309	0.9411	0.9411	0.9631
  C	0.941	0.9413	0	0.9405	0.9411	0.9432	0.9438	0.82	0.9412	0.9404	0.9315	0.9416	1.2624	0.9416	0.9397	0.9412	0.941	1.119	0.9409	0.9411	0.9237	0.9412	0.9413	0.9414	0.9282	0.9415	0.8967	0.9101	0.9428	0.9412	0.9415	0.9405	0.939	0.9409	0.9372	0.9414	0.9389	0.9406	0.9411	0.9157	0.9304	0.9411	0.941	0.9071
  D	0.9403	0.9405	0.9405	0	0.9404	0.9423	0.9429	0.821	0.9404	0.9396	0.9307	0.9408	0.925	0.9408	0.9394	0.9405	0.9403	0.9312	0.9414	0.9403	0.9238	0.9404	0.9405	0.9406	6.5055	0.9407	1.3454	0.9101	0.9419	0.9405	0.9406	0.9398	0.9383	0.94	0.9367	0.9407	1.4019	0.9399	0.9403	0.9165	0.9303	0.9402	0.9402	0.9078
  E	0.9408	0.9412	0.9411	0.9404	0	0.9427	0.9432	0.8254	0.941	0.9402	0.9315	0.9414	0.9261	0.9414	0.9397	0.941	0.9409	0.932	0.9409	0.941	0.9245	0.941	0.9411	0.9411	0.929	0.9413	0.8988	0.9115	0.9424	0.9411	0.9412	0.9404	0.939	0.9406	0.9372	0.9413	0.9389	0.9405	0.9409	0.917	0.9308	0.9408	0.9409	2.2818
  F	0.9425	0.9429	0.9432	0.9423	0.9427	0	1.1645	0.8533	0.9428	0.9419	0.9323	0.9433	0.9278	0.9433	0.9418	0.9429	0.9427	1.0129	0.9426	0.9428	0.9266	0.9429	0.943	0.9597	0.9299	0.9432	0.9048	0.9117	1.2993	0.9429	0.9519	0.9422	0.9407	0.9425	0.9391	0.9432	0.9407	0.9423	0.9427	0.9172	0.9321	0.9427	0.9428	0.9086
  G	0.9431	0.9435	0.9438	0.9429	0.9432	1.1645	0	0.884	0.9434	0.9424	0.9329	0.9438	0.9292	0.9438	0.9428	0.9435	0.9432	1.0779	0.9431	0.9434	0.9286	0.9434	0.9435	0.9753	0.931	0.9438	0.9118	0.9132	1.0894	0.9435	0.9605	0.9427	0.9412	0.9431	0.9401	0.9437	0.9413	0.9429	0.9432	0.9184	0.9329	0.9432	0.9433	0.9099
  H	0.8357	0.8662	0.82	0.821	0.8254	0.8533	0.884	0	0.8195	0.8281	1.4192	0.819	2.7524	0.8178	6.5677	1.2385	0.8193	1.0034	0.8223	0.8176	4.2291	0.8182	0.818	1.0168	1.9207	0.8176	4.7372	1.3686	0.8391	0.8192	0.8501	0.8191	0.8226	1.2442	3.8865	0.8175	0.828	1.2473	0.8188	6.5281	1.7175	0.8868	0.8154	4.302
  I	0.9408	0.9411	0.9412	0.9404	0.941	0.9428	0.9434	0.8195	0	0.9402	0.9309	0.9414	1.3882	0.9415	0.9396	0.941	0.9409	0.9315	0.9408	0.941	0.9235	0.9411	0.9411	0.9411	0.9281	0.9414	0.8965	0.9098	0.9425	0.9411	0.9412	0.9404	0.9389	0.9406	0.937	0.9413	0.9388	0.9405	0.9409	0.9156	0.9302	0.9408	0.9409	0.907
  J	0.9402	0.9405	0.9404	0.9396	0.9402	0.9419	0.9424	0.8281	0.9402	0	1.8071	1.2304	1.9004	0.9996	0.9395	0.9403	1.4101	0.9318	0.9401	0.9401	1.3511	0.9402	0.9403	0.9403	0.9289	0.9754	0.8999	2.2626	0.9416	0.9403	0.9404	0.9396	0.9385	0.9399	0.9376	0.9575	0.9383	0.9398	0.941	0.9174	0.9305	0.9401	1.3879	1.364
  K	0.9323	1.379	0.9315	0.9307	0.9315	0.9323	0.9329	1.4192	0.9309	1.8071	0	0.932	8.1006	0.9315	0.937	1.1039	1.3227	1.0274	0.931	1.8604	3.7473	0.9307	1.0827	0.9322	1.3833	0.9312	1.5704	10.2832	0.9319	0.9685	0.9313	1.2498	0.9316	0.9318	3.2335	0.931	1.0436	0.9318	1.406	0.9255	2.6436	1.8419	1.8648	1.395
  L	0.9413	0.9415	0.9416	0.9408	0.9414	0.9433	0.9438	0.819	0.9414	1.2304	0.932	0	0.9323	1.1802	0.9398	0.9414	0.9414	0.9318	0.9412	0.9414	0.9238	0.9415	0.9416	0.9415	0.9283	1.0826	0.8969	1.0514	0.943	0.9415	0.9416	0.9408	0.9394	0.941	0.9372	1.0109	0.9392	0.9408	0.9413	0.9155	0.9305	0.9413	0.9414	0.907
  M	0.9275	1.8126	1.2624	0.925	0.9261	0.9278	0.9292	2.7524	1.3882	1.9004	8.1006	0.9323	0	0.9268	0.934	1.7096	0.9252	1.6574	0.9254	0.9257	1.5517	0.9251	0.9296	0.9289	0.9256	0.9261	0.9314	4.1665	0.9271	0.936	0.9269	0.9452	0.9248	2.7813	1.8697	0.9256	0.928	0.9267	1.4	0.9191	1.2843	2.3352	0.9538	0.9176
  N	0.9413	0.9415	0.9416	0.9408	0.9414	0.9433	0.9438	0.8178	0.9415	0.9996	0.9315	1.1802	0.9268	0	0.9398	0.9415	0.9414	0.9317	0.9413	0.9415	0.9236	0.9415	0.9416	0.9415	0.9281	1.2058	0.8963	0.9362	0.943	0.9416	0.9417	0.9409	0.9394	0.941	0.9372	1.0771	0.9392	0.9409	0.9414	0.9153	0.9304	0.9413	0.9415	0.9066
  O	0.9398	0.9398	0.9397	0.9394	0.9397	0.9418	0.9428	6.5677	0.9396	0.9395	0.937	0.9398	0.934	0.9398	0	0.9409	0.9396	0.9389	0.9396	0.9396	1.3276	0.9396	0.9397	0.9424	0.9363	0.9398	0.9256	1.1676	0.9412	0.9397	0.9408	0.9394	0.9391	0.9396	0.9388	0.9397	1.4123	0.9399	0.9397	0.9801	1.3227	0.9397	0.9395	0.9267
  P	0.9409	0.9412	0.9412	0.9405	0.941	0.9429	0.9435	1.2385	0.941	0.9403	1.1039	0.9414	1.7096	0.9415	0.9409	0	0.9409	0.9331	0.9408	0.941	0.934	0.9411	0.9411	0.9415	0.9295	0.9414	0.9011	0.9133	0.9425	0.9411	0.9414	0.9405	0.9392	0.9407	0.9374	0.9413	0.939	0.9405	0.9409	0.9182	0.9314	0.9409	0.9409	0.9105
  Q	0.9407	0.941	0.941	0.9403	0.9409	0.9427	0.9432	0.8193	0.9409	1.4101	1.3227	0.9414	0.9252	0.9414	0.9396	0.9409	0	0.9313	0.9407	0.9408	0.9235	0.9409	0.941	0.9409	0.9281	0.9413	0.8964	0.9817	0.9424	0.941	0.9411	0.9403	0.9388	0.9405	0.9369	0.9412	0.9387	0.9404	0.9408	0.9155	0.9301	0.9407	0.9408	0.9069
  R	0.933	0.9319	1.119	0.9312	0.932	1.0129	1.0779	1.0034	0.9315	0.9318	1.0274	0.9318	1.6574	0.9317	0.9389	0.9331	0.9313	0	0.9314	0.9313	0.9275	0.9313	0.9314	1.0617	0.9279	0.9316	1.3845	0.9489	0.9825	0.9315	1.3082	0.9309	0.9298	0.9328	0.9342	0.9315	0.9302	0.9325	0.9314	0.9176	0.9242	0.9319	0.931	0.9057
  S	0.9407	0.9409	0.9409	0.9414	0.9409	0.9426	0.9431	0.8223	0.9408	0.9401	0.931	0.9412	0.9254	0.9413	0.9396	0.9408	0.9407	0.9314	0	0.9408	0.9244	0.9409	0.9409	0.9409	1.4675	0.9412	0.9233	0.9103	0.9423	0.9409	0.941	0.9402	0.9388	0.9404	0.9369	0.9411	0.9401	0.9403	0.9407	1.6624	0.932	0.9406	0.9407	1.0383
  T	0.9408	0.9411	0.9411	0.9403	0.941	0.9428	0.9434	0.8176	0.941	0.9401	1.8604	0.9414	0.9257	0.9415	0.9396	0.941	0.9408	0.9313	0.9408	0	0.9232	0.941	0.9412	0.941	0.9279	0.9414	0.8957	0.9093	0.9425	0.9411	0.9412	0.9403	0.9388	0.9405	0.9376	0.9413	0.9387	0.9404	0.9409	0.9151	0.93	0.9408	0.9409	0.9065
  U	0.9278	0.9784	0.9237	0.9238	0.9245	0.9266	0.9286	4.2291	0.9235	1.3511	3.7473	0.9238	1.5517	0.9236	1.3276	0.934	0.9235	0.9275	0.9244	0.9232	0	0.9233	0.9235	0.9324	3.5215	0.9235	4.4618	4.5461	0.9255	0.9238	0.9255	0.9232	2.1546	0.9251	0.9294	0.9234	1.3038	2.35	1.3855	1.8506	0.9701	1.0916	0.9232	1.3799
  V	0.9409	0.9411	0.9412	0.9404	0.941	0.9429	0.9434	0.8182	0.9411	0.9402	0.9307	0.9415	0.9251	0.9415	0.9396	0.9411	0.9409	0.9313	0.9409	0.941	0.9233	0	0.9412	0.9411	0.928	0.9414	0.8959	0.9094	0.9426	0.9411	0.9412	0.9404	0.9389	0.9406	1.4052	0.9414	0.9388	0.9405	0.9409	0.9152	0.9301	0.9409	0.9409	0.9065
  W	0.9409	0.9412	0.9413	0.9405	0.9411	0.943	0.9435	0.818	0.9411	0.9403	1.0827	0.9416	0.9296	0.9416	0.9397	0.9411	0.941	0.9314	0.9409	0.9412	0.9235	0.9412	0	0.9412	0.928	0.9415	0.8959	0.9097	0.9426	0.9413	0.9413	0.9405	0.939	0.9407	0.9371	0.9414	0.9389	0.9406	1.3019	0.9152	0.9303	0.941	0.9411	0.9066
  X	0.9412	0.9412	0.9414	0.9406	0.9411	0.9597	0.9753	1.0168	0.9411	0.9403	0.9322	0.9415	0.9289	0.9415	0.9424	0.9415	0.9409	1.0617	0.9409	0.941	0.9324	0.9411	0.9412	0	0.9317	0.9414	0.9395	0.9163	0.9525	0.9412	0.9543	0.9405	0.9391	0.9411	0.9393	0.9413	0.9392	0.941	0.9409	0.9199	0.9317	0.9411	0.941	0.9106
  Y	0.9301	0.9284	0.9282	6.5055	0.929	0.9299	0.931	1.9207	0.9281	0.9289	1.3833	0.9283	0.9256	0.9281	0.9363	0.9295	0.9281	0.9279	1.4675	0.9279	3.5215	0.928	0.928	0.9317	0	0.9281	18.4084	0.9575	0.9294	0.9289	0.9291	0.9279	0.928	0.9292	0.9319	0.928	5.0088	0.9294	0.929	3.0902	4.936	0.9284	0.9276	2.3505
  Z	0.9412	0.9415	0.9415	0.9407	0.9413	0.9432	0.9438	0.8176	0.9414	0.9754	0.9312	1.0826	0.9261	1.2058	0.9398	0.9414	0.9413	0.9316	0.9412	0.9414	0.9235	0.9414	0.9415	0.9414	0.9281	0	0.8961	0.925	0.9429	0.9415	0.9416	0.9408	0.9393	0.9409	0.9371	1.3726	0.9391	0.9408	0.9413	0.9152	0.9303	0.9412	0.9413	0.9065
  [	2.3428	0.8971	0.8967	1.3454	0.8988	0.9048	0.9118	4.7372	0.8965	0.8999	1.5704	0.8969	0.9314	0.8963	0.9256	0.9011	0.8964	1.3845	0.9233	0.8957	4.4618	0.8959	0.8959	0.9395	18.4084	0.8961	0	15.2012	0.9014	0.9499	0.9037	0.8961	0.9176	0.9004	1.39	0.8959	1.8555	0.9012	0.9776	26.035	1.3361	0.8976	0.8948	1.0521
  \	1.7489	0.911	0.9101	0.9101	0.9115	0.9117	0.9132	1.3686	0.9098	2.2626	10.2832	1.0514	4.1665	0.9362	1.1676	0.9133	0.9817	0.9489	0.9103	0.9093	4.5461	0.9094	0.9097	0.9163	0.9575	0.925	15.2012	0	0.9109	0.9245	0.911	1.033	1.1719	0.9128	1.4004	0.9169	1.1461	0.9133	1.0236	1.3075	1.0882	0.9111	0.9088	1.2989
  ]	0.9422	0.9426	0.9428	0.9419	0.9424	1.2993	1.0894	0.8391	0.9425	0.9416	0.9319	0.943	0.9271	0.943	0.9412	0.9425	0.9424	0.9825	0.9423	0.9425	0.9255	0.9426	0.9426	0.9525	0.9294	0.9429	0.9014	0.9109	0	0.9426	0.9479	0.9419	0.9403	0.9421	0.9386	0.9428	0.9403	0.942	0.9424	0.9165	0.9316	0.9423	0.9425	0.908
  ^	0.941	0.9412	0.9412	0.9405	0.9411	0.9429	0.9435	0.8192	0.9411	0.9403	0.9685	0.9415	0.936	0.9416	0.9397	0.9411	0.941	0.9315	0.9409	0.9411	0.9238	0.9411	0.9413	0.9412	0.9289	0.9415	0.9499	0.9245	0.9426	0	0.9413	0.9405	0.939	0.9407	0.9371	0.9414	0.939	0.9405	1.2105	0.9158	1.108	0.9409	0.941	0.907
  _	0.9411	0.9413	0.9415	0.9406	0.9412	0.9519	0.9605	0.8501	0.9412	0.9404	0.9313	0.9416	0.9269	0.9417	0.9408	0.9414	0.9411	1.3082	0.941	0.9412	0.9255	0.9412	0.9413	0.9543	0.9291	0.9416	0.9037	0.911	0.9479	0.9413	0	0.9406	0.9391	0.9409	0.938	0.9415	0.9391	0.9408	0.9411	0.9167	0.9307	0.9411	0.9411	0.9079
  `	0.9403	0.9405	0.9405	0.9398	0.9404	0.9422	0.9427	0.8191	0.9404	0.9396	1.2498	0.9408	0.9452	0.9409	0.9394	0.9405	0.9403	0.9309	0.9402	0.9403	0.9232	0.9404	0.9405	0.9405	0.9279	0.9408	0.8961	1.033	0.9419	0.9405	0.9406	0	0.9383	0.94	0.9366	0.9407	0.9382	0.9399	0.9403	0.9154	0.9297	0.9402	0.9403	0.9067
  a	0.9391	0.939	0.939	0.9383	0.939	0.9407	0.9412	0.8226	0.9389	0.9385	0.9316	0.9394	0.9248	0.9394	0.9391	0.9392	0.9388	0.9298	0.9388	0.9388	2.1546	0.9389	0.939	0.9391	0.928	0.9393	0.9176	1.1719	0.9403	0.939	0.9391	0.9383	0	0.9387	0.9359	0.9392	0.937	0.9388	0.9388	0.9161	0.929	0.9388	0.9387	0.9071
  b	0.9405	0.9408	0.9409	0.94	0.9406	0.9425	0.9431	1.2442	0.9406	0.9399	0.9318	0.941	2.7813	0.941	0.9396	0.9407	0.9405	0.9328	0.9404	0.9405	0.9251	0.9406	0.9407	0.9411	0.9292	0.9409	0.9004	0.9128	0.9421	0.9407	0.9409	0.94	0.9387	0	0.9371	0.9408	0.9386	0.9401	0.9405	0.9179	0.9309	0.9405	0.9405	0.9099
  c	0.9376	0.9373	0.9372	0.9367	0.9372	0.9391	0.9401	3.8865	0.937	0.9376	3.2335	0.9372	1.8697	0.9372	0.9388	0.9374	0.9369	0.9342	0.9369	0.9376	0.9294	1.4052	0.9371	0.9393	0.9319	0.9371	1.39	1.4004	0.9386	0.9371	0.938	0.9366	0.9359	0.9371	0	0.9371	0.936	0.9371	0.9375	0.9252	0.9314	0.9372	0.9369	0.9187
  d	0.9411	0.9414	0.9414	0.9407	0.9413	0.9432	0.9437	0.8175	0.9413	0.9575	0.931	1.0109	0.9256	1.0771	0.9397	0.9413	0.9412	0.9315	0.9411	0.9413	0.9234	0.9414	0.9414	0.9413	0.928	1.3726	0.8959	0.9169	0.9428	0.9414	0.9415	0.9407	0.9392	0.9408	0.9371	0	0.939	0.9407	0.9412	0.9152	0.9302	0.9411	0.9412	0.9065
  e	0.939	0.939	0.9389	1.4019	0.9389	0.9407	0.9413	0.828	0.9388	0.9383	1.0436	0.9392	0.928	0.9392	1.4123	0.939	0.9387	0.9302	0.9401	0.9387	1.3038	0.9388	0.9389	0.9392	5.0088	0.9391	1.8555	1.1461	0.9403	0.939	0.9391	0.9382	0.937	0.9386	0.936	0.939	0	0.9386	0.9389	1.8213	1.8439	0.9387	0.9386	1.363
  f	0.9404	0.9406	0.9406	0.9399	0.9405	0.9423	0.9429	1.2473	0.9405	0.9398	0.9318	0.9408	0.9267	0.9409	0.9399	0.9405	0.9404	0.9325	0.9403	0.9404	2.35	0.9405	0.9406	0.941	0.9294	0.9408	0.9012	0.9133	0.942	0.9405	0.9408	0.9399	0.9388	0.9401	0.9371	0.9407	0.9386	0	0.9403	0.9183	0.9311	0.9404	0.9403	0.9104
  g	0.9408	0.9411	0.9411	0.9403	0.9409	0.9427	0.9432	0.8188	0.9409	0.941	1.406	0.9413	1.4	0.9414	0.9397	0.9409	0.9408	0.9314	0.9407	0.9409	1.3855	0.9409	1.3019	0.9409	0.929	0.9413	0.9776	1.0236	0.9424	1.2105	0.9411	0.9403	0.9388	0.9405	0.9375	0.9412	0.9389	0.9403	0	0.9157	1.1621	0.9408	0.9408	0.9068
  h	0.9194	0.9159	0.9157	0.9165	0.917	0.9172	0.9184	6.5281	0.9156	0.9174	0.9255	0.9155	0.9191	0.9153	0.9801	0.9182	0.9155	0.9176	1.6624	0.9151	1.8506	0.9152	0.9152	0.9199	3.0902	0.9152	26.035	1.3075	0.9165	0.9158	0.9167	0.9154	0.9161	0.9179	0.9252	0.9152	1.8213	0.9183	0.9157	0	1.456	0.9161	0.9146	3.9871
  i	0.9317	0.9309	0.9304	0.9303	0.9308	0.9321	0.9329	1.7175	0.9302	0.9305	2.6436	0.9305	1.2843	0.9304	1.3227	0.9314	0.9301	0.9242	0.932	0.93	0.9701	0.9301	0.9303	0.9317	4.936	0.9303	1.3361	1.0882	0.9316	1.108	0.9307	0.9297	0.929	0.9309	0.9314	0.9302	1.8439	0.9311	1.1621	1.456	0	0.9304	0.9297	3.1956
  j	0.9407	0.9411	0.9411	0.9402	0.9408	0.9427	0.9432	0.8868	0.9408	0.9401	1.8419	0.9413	2.3352	0.9413	0.9397	0.9409	0.9407	0.9319	0.9406	0.9408	1.0916	0.9409	0.941	0.9411	0.9284	0.9412	0.8976	0.9111	0.9423	0.9409	0.9411	0.9402	0.9388	0.9405	0.9372	0.9411	0.9387	0.9404	0.9408	0.9161	0.9304	0	0.9408	0.9076
  k	0.9407	0.9411	0.941	0.9402	0.9409	0.9428	0.9433	0.8154	0.9409	1.3879	1.8648	0.9414	0.9538	0.9415	0.9395	0.9409	0.9408	0.931	0.9407	0.9409	0.9232	0.9409	0.9411	0.941	0.9276	0.9413	0.8948	0.9088	0.9425	0.941	0.9411	0.9403	0.9387	0.9405	0.9369	0.9412	0.9386	0.9403	0.9408	0.9146	0.9297	0.9408	0	0.9057
  l	0.9118	0.9631	0.9071	0.9078	2.2818	0.9086	0.9099	4.302	0.907	1.364	1.395	0.907	0.9176	0.9066	0.9267	0.9105	0.9069	0.9057	1.0383	0.9065	1.3799	0.9065	0.9066	0.9106	2.3505	0.9065	1.0521	1.2989	0.908	0.907	0.9079	0.9067	0.9071	0.9099	0.9187	0.9065	1.363	0.9104	0.9068	3.9871	3.1956	0.9076	0.9057	0

Actual rates from j->i (Q_ij):
	A	B	C	D	E	F	G	H	I	J	K	L	M	N	O	P	Q	R	S	T	U	V	W	X	Y	Z	[	\	]	^	_	`	a	b	c	d	e	f	g	h	i	j	k	l
  A	0	0.0213	0.0213	0.0212	0.0213	0.0213	0.0213	0.0189	0.0213	0.0212	0.0211	0.0213	0.021	0.0213	0.0212	0.0213	0.0212	0.0211	0.0212	0.0213	0.021	0.0213	0.0213	0.0213	0.021	0.0213	0.0529	0.0395	0.0213	0.0213	0.0213	0.0212	0.0212	0.0212	0.0212	0.0213	0.0212	0.0212	0.0213	0.0208	0.021	0.0212	0.0212	0.0206
  B	0.0247	0	0.0247	0.0247	0.0247	0.0248	0.0248	0.0228	0.0247	0.0247	0.0362	0.0247	0.0476	0.0247	0.0247	0.0247	0.0247	0.0245	0.0247	0.0247	0.0257	0.0247	0.0247	0.0247	0.0244	0.0247	0.0236	0.0239	0.0248	0.0247	0.0247	0.0247	0.0247	0.0247	0.0246	0.0247	0.0247	0.0247	0.0247	0.0241	0.0245	0.0247	0.0247	0.0253
  C	0.0249	0.0249	0	0.0249	0.0249	0.0249	0.025	0.0217	0.0249	0.0249	0.0246	0.0249	0.0334	0.0249	0.0248	0.0249	0.0249	0.0296	0.0249	0.0249	0.0244	0.0249	0.0249	0.0249	0.0245	0.0249	0.0237	0.0241	0.0249	0.0249	0.0249	0.0249	0.0248	0.0249	0.0248	0.0249	0.0248	0.0249	0.0249	0.0242	0.0246	0.0249	0.0249	0.024
  D	0.0245	0.0246	0.0246	0	0.0246	0.0246	0.0246	0.0214	0.0246	0.0245	0.0243	0.0246	0.0241	0.0246	0.0245	0.0246	0.0245	0.0243	0.0246	0.0245	0.0241	0.0246	0.0246	0.0246	0.1698	0.0246	0.0351	0.0238	0.0246	0.0246	0.0246	0.0245	0.0245	0.0245	0.0245	0.0246	0.0366	0.0245	0.0245	0.0239	0.0243	0.0245	0.0245	0.0237
  E	0.0235	0.0235	0.0235	0.0235	0	0.0236	0.0236	0.0206	0.0235	0.0235	0.0233	0.0235	0.0232	0.0235	0.0235	0.0235	0.0235	0.0233	0.0235	0.0235	0.0231	0.0235	0.0235	0.0235	0.0232	0.0235	0.0225	0.0228	0.0236	0.0235	0.0235	0.0235	0.0235	0.0235	0.0234	0.0235	0.0235	0.0235	0.0235	0.0229	0.0233	0.0235	0.0235	0.0571
  F	0.025	0.025	0.0251	0.025	0.025	0	0.0309	0.0227	0.025	0.025	0.0248	0.0251	0.0246	0.0251	0.025	0.025	0.025	0.0269	0.025	0.025	0.0246	0.025	0.025	0.0255	0.0247	0.0251	0.024	0.0242	0.0345	0.025	0.0253	0.025	0.025	0.025	0.0249	0.0251	0.025	0.025	0.025	0.0244	0.0248	0.025	0.025	0.0241
  G	0.0247	0.0247	0.0247	0.0247	0.0247	0.0305	0	0.0232	0.0247	0.0247	0.0244	0.0247	0.0243	0.0247	0.0247	0.0247	0.0247	0.0282	0.0247	0.0247	0.0243	0.0247	0.0247	0.0255	0.0244	0.0247	0.0239	0.0239	0.0285	0.0247	0.0252	0.0247	0.0246	0.0247	0.0246	0.0247	0.0246	0.0247	0.0247	0.024	0.0244	0.0247	0.0247	0.0238
  H	0.0133	0.0138	0.0131	0.0131	0.0132	0.0136	0.0141	0	0.0131	0.0132	0.0226	0.0131	0.0439	0.013	0.1047	0.0197	0.0131	0.016	0.0131	0.013	0.0674	0.013	0.013	0.0162	0.0306	0.013	0.0755	0.0218	0.0134	0.0131	0.0136	0.0131	0.0131	0.0198	0.062	0.013	0.0132	0.0199	0.0131	0.1041	0.0274	0.0141	0.013	0.0686
  I	0.0249	0.0249	0.0249	0.0249	0.0249	0.025	0.025	0.0217	0	0.0249	0.0246	0.0249	0.0367	0.0249	0.0249	0.0249	0.0249	0.0247	0.0249	0.0249	0.0244	0.0249	0.0249	0.0249	0.0246	0.0249	0.0237	0.0241	0.0249	0.0249	0.0249	0.0249	0.0249	0.0249	0.0248	0.0249	0.0248	0.0249	0.0249	0.0242	0.0246	0.0249	0.0249	0.024
  J	0.0229	0.0229	0.0229	0.0229	0.0229	0.023	0.023	0.0202	0.0229	0	0.0441	0.03	0.0463	0.0244	0.0229	0.0229	0.0344	0.0227	0.0229	0.0229	0.0329	0.0229	0.0229	0.0229	0.0226	0.0238	0.0219	0.0552	0.023	0.0229	0.0229	0.0229	0.0229	0.0229	0.0229	0.0233	0.0229	0.0229	0.0229	0.0224	0.0227	0.0229	0.0338	0.0333
  K	0.0135	0.02	0.0135	0.0135	0.0135	0.0135	0.0136	0.0206	0.0135	0.0262	0	0.0135	0.1177	0.0135	0.0136	0.016	0.0192	0.0149	0.0135	0.027	0.0544	0.0135	0.0157	0.0135	0.0201	0.0135	0.0228	0.1494	0.0135	0.0141	0.0135	0.0182	0.0135	0.0135	0.047	0.0135	0.0152	0.0135	0.0204	0.0134	0.0384	0.0268	0.0271	0.0203
  L	0.0251	0.0251	0.0251	0.0251	0.0251	0.0251	0.0251	0.0218	0.0251	0.0328	0.0248	0	0.0248	0.0314	0.025	0.0251	0.0251	0.0248	0.0251	0.0251	0.0246	0.0251	0.0251	0.0251	0.0247	0.0288	0.0239	0.028	0.0251	0.0251	0.0251	0.0251	0.025	0.0251	0.025	0.0269	0.025	0.0251	0.0251	0.0244	0.0248	0.0251	0.0251	0.0242
  M	0.0177	0.0346	0.0241	0.0176	0.0177	0.0177	0.0177	0.0525	0.0265	0.0362	0.1544	0.0178	0	0.0177	0.0178	0.0326	0.0176	0.0316	0.0176	0.0176	0.0296	0.0176	0.0177	0.0177	0.0176	0.0177	0.0178	0.0794	0.0177	0.0178	0.0177	0.018	0.0176	0.053	0.0356	0.0176	0.0177	0.0177	0.0267	0.0175	0.0245	0.0445	0.0182	0.0175
  N	0.0254	0.0254	0.0254	0.0253	0.0254	0.0254	0.0254	0.022	0.0254	0.0269	0.0251	0.0318	0.025	0	0.0253	0.0254	0.0254	0.0251	0.0254	0.0254	0.0249	0.0254	0.0254	0.0254	0.025	0.0325	0.0241	0.0252	0.0254	0.0254	0.0254	0.0253	0.0253	0.0253	0.0252	0.029	0.0253	0.0253	0.0254	0.0247	0.0251	0.0254	0.0254	0.0244
  O	0.0104	0.0104	0.0104	0.0104	0.0104	0.0104	0.0104	0.0725	0.0104	0.0104	0.0103	0.0104	0.0103	0.0104	0	0.0104	0.0104	0.0104	0.0104	0.0104	0.0147	0.0104	0.0104	0.0104	0.0103	0.0104	0.0102	0.0129	0.0104	0.0104	0.0104	0.0104	0.0104	0.0104	0.0104	0.0104	0.0156	0.0104	0.0104	0.0108	0.0146	0.0104	0.0104	0.0102
  P	0.0223	0.0223	0.0223	0.0223	0.0223	0.0224	0.0224	0.0294	0.0223	0.0223	0.0262	0.0223	0.0405	0.0223	0.0223	0	0.0223	0.0221	0.0223	0.0223	0.0221	0.0223	0.0223	0.0223	0.022	0.0223	0.0214	0.0217	0.0224	0.0223	0.0223	0.0223	0.0223	0.0223	0.0222	0.0223	0.0223	0.0223	0.0223	0.0218	0.0221	0.0223	0.0223	0.0216
  Q	0.0249	0.0249	0.0249	0.0249	0.0249	0.025	0.025	0.0217	0.0249	0.0374	0.0351	0.025	0.0245	0.025	0.0249	0.0249	0	0.0247	0.0249	0.0249	0.0245	0.0249	0.0249	0.0249	0.0246	0.025	0.0238	0.026	0.025	0.0249	0.0249	0.0249	0.0249	0.0249	0.0248	0.0249	0.0249	0.0249	0.0249	0.0243	0.0247	0.0249	0.0249	0.024
  R	0.0238	0.0237	0.0285	0.0237	0.0237	0.0258	0.0275	0.0256	0.0237	0.0237	0.0262	0.0237	0.0422	0.0237	0.0239	0.0238	0.0237	0	0.0237	0.0237	0.0236	0.0237	0.0237	0.0271	0.0236	0.0237	0.0353	0.0242	0.025	0.0237	0.0333	0.0237	0.0237	0.0238	0.0238	0.0237	0.0237	0.0238	0.0237	0.0234	0.0236	0.0237	0.0237	0.0231
  S	0.0245	0.0245	0.0245	0.0245	0.0245	0.0245	0.0246	0.0214	0.0245	0.0245	0.0242	0.0245	0.0241	0.0245	0.0245	0.0245	0.0245	0.0243	0	0.0245	0.0241	0.0245	0.0245	0.0245	0.0382	0.0245	0.024	0.0237	0.0245	0.0245	0.0245	0.0245	0.0244	0.0245	0.0244	0.0245	0.0245	0.0245	0.0245	0.0433	0.0243	0.0245	0.0245	0.027
  T	0.0253	0.0254	0.0253	0.0253	0.0253	0.0254	0.0254	0.022	0.0253	0.0253	0.0501	0.0254	0.0249	0.0254	0.0253	0.0253	0.0253	0.0251	0.0253	0	0.0249	0.0253	0.0254	0.0253	0.025	0.0254	0.0241	0.0245	0.0254	0.0253	0.0254	0.0253	0.0253	0.0253	0.0253	0.0254	0.0253	0.0253	0.0253	0.0247	0.0251	0.0253	0.0253	0.0244
  U	0.0135	0.0142	0.0134	0.0134	0.0134	0.0134	0.0135	0.0614	0.0134	0.0196	0.0544	0.0134	0.0225	0.0134	0.0193	0.0135	0.0134	0.0135	0.0134	0.0134	0	0.0134	0.0134	0.0135	0.0511	0.0134	0.0647	0.066	0.0134	0.0134	0.0134	0.0134	0.0313	0.0134	0.0135	0.0134	0.0189	0.0341	0.0201	0.0268	0.0141	0.0158	0.0134	0.02
  V	0.0253	0.0253	0.0253	0.0253	0.0253	0.0253	0.0253	0.022	0.0253	0.0253	0.025	0.0253	0.0248	0.0253	0.0252	0.0253	0.0253	0.025	0.0253	0.0253	0.0248	0	0.0253	0.0253	0.0249	0.0253	0.0241	0.0244	0.0253	0.0253	0.0253	0.0253	0.0252	0.0253	0.0377	0.0253	0.0252	0.0253	0.0253	0.0246	0.025	0.0253	0.0253	0.0243
  W	0.0253	0.0253	0.0253	0.0253	0.0253	0.0253	0.0253	0.022	0.0253	0.0253	0.0291	0.0253	0.025	0.0253	0.0252	0.0253	0.0253	0.025	0.0253	0.0253	0.0248	0.0253	0	0.0253	0.0249	0.0253	0.0241	0.0244	0.0253	0.0253	0.0253	0.0253	0.0252	0.0253	0.0252	0.0253	0.0252	0.0253	0.035	0.0246	0.025	0.0253	0.0253	0.0244
  X	0.0235	0.0235	0.0236	0.0235	0.0235	0.024	0.0244	0.0254	0.0235	0.0235	0.0233	0.0236	0.0232	0.0236	0.0236	0.0236	0.0235	0.0266	0.0235	0.0235	0.0233	0.0235	0.0235	0	0.0233	0.0236	0.0235	0.0229	0.0238	0.0235	0.0239	0.0235	0.0235	0.0235	0.0235	0.0236	0.0235	0.0235	0.0235	0.023	0.0233	0.0235	0.0235	0.0228
  Y	0.011	0.011	0.0109	0.0767	0.011	0.011	0.011	0.0227	0.0109	0.011	0.0163	0.0109	0.0109	0.0109	0.011	0.011	0.0109	0.0109	0.0173	0.0109	0.0415	0.0109	0.0109	0.011	0	0.0109	0.2171	0.0113	0.011	0.011	0.011	0.0109	0.0109	0.011	0.011	0.0109	0.0591	0.011	0.011	0.0364	0.0582	0.0109	0.0109	0.0277
  Z	0.0254	0.0254	0.0254	0.0254	0.0254	0.0254	0.0255	0.0221	0.0254	0.0263	0.0251	0.0292	0.025	0.0325	0.0254	0.0254	0.0254	0.0251	0.0254	0.0254	0.0249	0.0254	0.0254	0.0254	0.025	0	0.0242	0.025	0.0254	0.0254	0.0254	0.0254	0.0253	0.0254	0.0253	0.037	0.0253	0.0254	0.0254	0.0247	0.0251	0.0254	0.0254	0.0245
  [	0.0349	0.0133	0.0133	0.02	0.0134	0.0135	0.0136	0.0705	0.0133	0.0134	0.0234	0.0133	0.0139	0.0133	0.0138	0.0134	0.0133	0.0206	0.0137	0.0133	0.0664	0.0133	0.0133	0.014	0.2738	0.0133	0	0.2261	0.0134	0.0141	0.0134	0.0133	0.0136	0.0134	0.0207	0.0133	0.0276	0.0134	0.0145	0.3873	0.0199	0.0134	0.0133	0.0157
  \	0.0184	0.0096	0.0096	0.0096	0.0096	0.0096	0.0096	0.0144	0.0096	0.0238	0.1082	0.0111	0.0438	0.0099	0.0123	0.0096	0.0103	0.01	0.0096	0.0096	0.0478	0.0096	0.0096	0.0096	0.0101	0.0097	0.16	0	0.0096	0.0097	0.0096	0.0109	0.0123	0.0096	0.0147	0.0096	0.0121	0.0096	0.0108	0.0138	0.0115	0.0096	0.0096	0.0137
  ]	0.0252	0.0252	0.0252	0.0252	0.0252	0.0347	0.0291	0.0224	0.0252	0.0252	0.0249	0.0252	0.0248	0.0252	0.0252	0.0252	0.0252	0.0263	0.0252	0.0252	0.0247	0.0252	0.0252	0.0255	0.0248	0.0252	0.0241	0.0243	0	0.0252	0.0253	0.0252	0.0251	0.0252	0.0251	0.0252	0.0251	0.0252	0.0252	0.0245	0.0249	0.0252	0.0252	0.0243
  ^	0.025	0.025	0.025	0.025	0.025	0.0251	0.0251	0.0218	0.025	0.025	0.0258	0.025	0.0249	0.025	0.025	0.025	0.025	0.0248	0.025	0.025	0.0246	0.025	0.025	0.025	0.0247	0.025	0.0253	0.0246	0.0251	0	0.025	0.025	0.025	0.025	0.0249	0.025	0.025	0.025	0.0322	0.0244	0.0295	0.025	0.025	0.0241
  _	0.0248	0.0248	0.0248	0.0248	0.0248	0.0251	0.0253	0.0224	0.0248	0.0248	0.0246	0.0248	0.0244	0.0248	0.0248	0.0248	0.0248	0.0345	0.0248	0.0248	0.0244	0.0248	0.0248	0.0252	0.0245	0.0248	0.0238	0.024	0.025	0.0248	0	0.0248	0.0248	0.0248	0.0247	0.0248	0.0248	0.0248	0.0248	0.0242	0.0245	0.0248	0.0248	0.0239
  `	0.0249	0.0249	0.0249	0.0249	0.0249	0.025	0.025	0.0217	0.0249	0.0249	0.0331	0.0249	0.025	0.0249	0.0249	0.0249	0.0249	0.0247	0.0249	0.0249	0.0245	0.0249	0.0249	0.0249	0.0246	0.0249	0.0237	0.0274	0.025	0.0249	0.0249	0	0.0249	0.0249	0.0248	0.0249	0.0249	0.0249	0.0249	0.0243	0.0246	0.0249	0.0249	0.024
  a	0.024	0.024	0.024	0.024	0.024	0.0241	0.0241	0.0211	0.024	0.024	0.0239	0.0241	0.0237	0.0241	0.024	0.024	0.024	0.0238	0.024	0.024	0.0552	0.024	0.024	0.024	0.0238	0.0241	0.0235	0.03	0.0241	0.024	0.024	0.024	0	0.024	0.024	0.0241	0.024	0.024	0.024	0.0235	0.0238	0.024	0.024	0.0232
  b	0.0225	0.0225	0.0225	0.0225	0.0225	0.0226	0.0226	0.0298	0.0225	0.0225	0.0223	0.0225	0.0666	0.0225	0.0225	0.0225	0.0225	0.0223	0.0225	0.0225	0.0222	0.0225	0.0225	0.0225	0.0222	0.0225	0.0216	0.0219	0.0226	0.0225	0.0225	0.0225	0.0225	0	0.0224	0.0225	0.0225	0.0225	0.0225	0.022	0.0223	0.0225	0.0225	0.0218
  c	0.0148	0.0148	0.0148	0.0148	0.0148	0.0148	0.0149	0.0614	0.0148	0.0148	0.0511	0.0148	0.0295	0.0148	0.0148	0.0148	0.0148	0.0148	0.0148	0.0148	0.0147	0.0222	0.0148	0.0148	0.0147	0.0148	0.022	0.0221	0.0148	0.0148	0.0148	0.0148	0.0148	0.0148	0	0.0148	0.0148	0.0148	0.0148	0.0146	0.0147	0.0148	0.0148	0.0145
  d	0.0254	0.0254	0.0254	0.0254	0.0254	0.0254	0.0255	0.0221	0.0254	0.0258	0.0251	0.0273	0.025	0.0291	0.0254	0.0254	0.0254	0.0251	0.0254	0.0254	0.0249	0.0254	0.0254	0.0254	0.025	0.037	0.0242	0.0247	0.0254	0.0254	0.0254	0.0254	0.0253	0.0254	0.0253	0	0.0253	0.0254	0.0254	0.0247	0.0251	0.0254	0.0254	0.0245
  e	0.0235	0.0235	0.0235	0.0351	0.0235	0.0236	0.0236	0.0208	0.0235	0.0235	0.0262	0.0235	0.0233	0.0235	0.0354	0.0235	0.0235	0.0233	0.0236	0.0235	0.0327	0.0235	0.0235	0.0235	0.1256	0.0235	0.0465	0.0287	0.0236	0.0235	0.0235	0.0235	0.0235	0.0235	0.0235	0.0235	0	0.0235	0.0235	0.0457	0.0462	0.0235	0.0235	0.0342
  f	0.0221	0.0221	0.0221	0.0221	0.0221	0.0221	0.0222	0.0293	0.0221	0.0221	0.0219	0.0221	0.0218	0.0221	0.0221	0.0221	0.0221	0.0219	0.0221	0.0221	0.0552	0.0221	0.0221	0.0221	0.0218	0.0221	0.0212	0.0215	0.0221	0.0221	0.0221	0.0221	0.0221	0.0221	0.022	0.0221	0.0221	0	0.0221	0.0216	0.0219	0.0221	0.0221	0.0214
  g	0.0252	0.0252	0.0252	0.0252	0.0252	0.0252	0.0252	0.0219	0.0252	0.0252	0.0376	0.0252	0.0375	0.0252	0.0251	0.0252	0.0252	0.0249	0.0252	0.0252	0.0371	0.0252	0.0348	0.0252	0.0249	0.0252	0.0262	0.0274	0.0252	0.0324	0.0252	0.0252	0.0251	0.0252	0.0251	0.0252	0.0251	0.0252	0	0.0245	0.0311	0.0252	0.0252	0.0243
  h	0.0063	0.0062	0.0062	0.0063	0.0063	0.0063	0.0063	0.0445	0.0062	0.0063	0.0063	0.0062	0.0063	0.0062	0.0067	0.0063	0.0062	0.0063	0.0113	0.0062	0.0126	0.0062	0.0062	0.0063	0.0211	0.0062	0.1776	0.0089	0.0063	0.0062	0.0063	0.0062	0.0062	0.0063	0.0063	0.0062	0.0124	0.0063	0.0062	0	0.0099	0.0062	0.0062	0.0272
  i	0.0202	0.0202	0.0202	0.0202	0.0202	0.0202	0.0203	0.0373	0.0202	0.0202	0.0574	0.0202	0.0279	0.0202	0.0287	0.0202	0.0202	0.0201	0.0202	0.0202	0.0211	0.0202	0.0202	0.0202	0.1072	0.0202	0.029	0.0236	0.0202	0.0241	0.0202	0.0202	0.0202	0.0202	0.0202	0.0202	0.04	0.0202	0.0252	0.0316	0	0.0202	0.0202	0.0694
  j	0.0245	0.0245	0.0245	0.0245	0.0245	0.0245	0.0246	0.0231	0.0245	0.0245	0.048	0.0245	0.0608	0.0245	0.0245	0.0245	0.0245	0.0243	0.0245	0.0245	0.0284	0.0245	0.0245	0.0245	0.0242	0.0245	0.0234	0.0237	0.0245	0.0245	0.0245	0.0245	0.0244	0.0245	0.0244	0.0245	0.0244	0.0245	0.0245	0.0238	0.0242	0	0.0245	0.0236
  k	0.0259	0.0259	0.0259	0.0259	0.0259	0.0259	0.0259	0.0224	0.0259	0.0382	0.0513	0.0259	0.0262	0.0259	0.0258	0.0259	0.0259	0.0256	0.0259	0.0259	0.0254	0.0259	0.0259	0.0259	0.0255	0.0259	0.0246	0.025	0.0259	0.0259	0.0259	0.0259	0.0258	0.0259	0.0258	0.0259	0.0258	0.0259	0.0259	0.0252	0.0256	0.0259	0	0.0249
  l	0.0126	0.0133	0.0125	0.0125	0.0315	0.0125	0.0126	0.0594	0.0125	0.0188	0.0193	0.0125	0.0127	0.0125	0.0128	0.0126	0.0125	0.0125	0.0143	0.0125	0.019	0.0125	0.0125	0.0126	0.0324	0.0125	0.0145	0.0179	0.0125	0.0125	0.0125	0.0125	0.0125	0.0126	0.0127	0.0125	0.0188	0.0126	0.0125	0.055	0.0441	0.0125	0.0125	0
