Map from character to field name
A:	Australia
B:	Austria
C:	Azerbaijan
D:	Brunei
E:	Cambodia
F:	Cameroon
G:	Central African Republic
H:	China
I:	Croatia
J:	Finland
K:	France
L:	Georgia
M:	Germany
N:	Guinea
O:	Hong Kong
P:	Hungary
Q:	Iceland
R:	India
S:	Indonesia
T:	Italy
U:	Japan
V:	Kazakhstan
W:	Latvia
X:	Madagascar
Y:	Malaysia
Z:	Mauritania
[:	Na
\:	Netherlands
]:	Niger
^:	Norway
_:	Pakistan
`:	Peru
a:	Philippines
b:	Poland
c:	Russia
d:	Senegal
e:	Singapore
f:	South Korea
g:	Spain
h:	Taiwan
i:	Thailand
j:	Tunisia
k:	United Kingdom
l:	Usa
m:	Viet Nam
n:	?


Substitution rate (mu): 11.747673

Equilibrium frequencies (pi_i):
  A: 0.0218
  B: 0.0259
  C: 0.0257
  D: 0.0252
  E: 0.0242
  F: 0.026
  G: 0.0259
  H: 0.0162
  I: 0.0257
  J: 0.0239
  K: 0.0137
  L: 0.0261
  M: 0.0195
  N: 0.0262
  O: 0.0123
  P: 0.025
  Q: 0.0258
  R: 0.0259
  S: 0.0248
  T: 0.0262
  U: 0.0133
  V: 0.025
  W: 0.0261
  X: 0.0254
  Y: 0.0115
  Z: 0.0262
  [: 0.0147
  \: 0.0101
  ]: 0.0261
  ^: 0.0259
  _: 0.0258
  `: 0.0258
  a: 0.0231
  b: 0.0234
  c: 0.0157
  d: 0.0262
  e: 0.0246
  f: 0.0232
  g: 0.026
  h: 0.0069
  i: 0.02
  j: 0.0251
  k: 0.0264
  l: 0.023
  m: 0.0144

Symmetrized rates from j->i (W_ij):
	A	B	C	D	E	F	G	H	I	J	K	L	M	N	O	P	Q	R	S	T	U	V	W	X	Y	Z	[	\	]	^	_	`	a	b	c	d	e	f	g	h	i	j	k	l	m
  A	0	0.9428	0.9429	0.9422	0.9428	0.9456	0.9468	0.8549	0.9428	0.9421	0.9355	0.943	0.9302	0.9432	0.9423	0.9429	0.9428	0.9363	0.9427	0.9428	1.167	0.9429	0.9429	0.9418	0.9335	0.9431	2.3428	1.5357	0.945	0.9429	0.9436	0.9423	0.9413	0.9425	0.9398	0.943	0.941	0.9424	0.9428	1.1036	0.9341	0.9427	0.9427	0.9429	0.9154
  B	0.9428	0	0.9432	0.9423	0.9429	0.9457	0.9466	0.8398	0.943	0.9423	1.4075	0.9433	1.8108	0.9435	0.9423	0.9428	0.9429	0.9338	0.9427	0.9429	1.0511	0.943	0.9431	0.9415	0.9317	0.9434	0.9017	0.9178	0.9451	0.943	0.9434	0.9425	0.9411	0.9427	0.9393	0.9433	0.9408	0.9425	0.943	0.9192	0.9325	0.943	0.9428	0.943	0.9102
  C	0.9429	0.9432	0	0.9424	0.9431	0.9459	0.9469	0.8403	0.9431	0.9423	0.9345	0.9434	1.2666	0.9436	0.9423	0.9429	0.943	1.1182	0.9429	0.9431	0.9283	0.9432	0.9432	0.9417	0.9316	0.9435	0.902	0.9179	0.9453	0.9432	0.9439	0.9425	0.9411	0.9429	0.9395	0.9434	0.9409	0.9425	0.9431	0.9195	0.9327	0.9431	0.943	0.9431	0.9104
  D	0.9422	0.9423	0.9424	0	0.9423	0.945	0.946	0.8415	0.9423	0.9415	0.9337	0.9426	0.9277	0.9428	0.942	0.9421	0.9423	0.9334	0.9428	0.9423	0.9282	0.9424	0.9424	0.941	6.0718	0.9427	1.3534	0.9178	0.9444	0.9424	0.9428	0.9418	0.9405	0.942	0.9389	0.9426	1.4037	0.9418	0.9422	0.9204	0.9325	0.9422	0.9421	0.9424	0.9107
  E	0.9428	0.9429	0.9431	0.9423	0	0.9454	0.9463	0.8454	0.9429	0.9421	0.9345	0.9432	0.9288	0.9434	0.9423	0.9427	0.9429	0.9341	0.9427	0.9429	0.9292	0.943	0.943	0.9416	0.9322	0.9433	0.9041	0.919	0.9449	0.943	0.9434	0.9426	0.9411	0.9425	0.9395	0.9432	0.9409	0.9424	0.9428	0.9208	0.9331	0.9428	0.9428	0.943	2.2809
  F	0.9456	0.9457	0.9459	0.945	0.9454	0	1.1548	0.8408	0.9456	0.9456	0.9392	0.9459	0.9326	0.9461	0.9436	0.9453	0.9456	0.9744	0.9453	0.9457	0.9309	0.9455	0.9458	0.9445	0.9335	0.946	0.9145	0.9624	1.3181	0.9457	0.9499	0.945	0.9435	0.945	0.9415	0.9459	0.9435	0.9448	0.9457	0.9208	0.9347	0.9454	0.9455	0.9454	0.9114
  G	0.9468	0.9466	0.9469	0.946	0.9463	1.1548	0	0.8425	0.9465	0.9471	0.9424	0.9469	0.9354	0.9471	0.9441	0.9463	0.9466	1.0051	0.9462	0.9466	0.9325	0.9465	0.9467	0.9459	0.9347	0.947	0.924	0.9999	1.0822	0.9467	0.9539	0.946	0.9445	0.9459	0.9425	0.9469	0.9446	0.9457	0.9468	0.9218	0.9356	0.9463	0.9465	0.9462	0.9122
  H	0.8549	0.8398	0.8403	0.8415	0.8454	0.8408	0.8425	0	0.84	0.8467	1.4585	0.8387	2.5746	0.8385	6.1051	0.8894	0.8396	0.8385	0.8437	0.8384	4.995	0.9786	0.8387	0.8422	1.3358	0.8383	3.8733	1.3205	0.84	0.8396	0.8403	0.8398	1.1268	1.2719	3.9324	0.8382	0.8433	1.2743	0.8393	6.4609	2.0393	0.9283	0.8376	1.2746	3.8214
  I	0.9428	0.943	0.9431	0.9423	0.9429	0.9456	0.9465	0.84	0	0.9421	0.9338	0.9433	1.3923	0.9435	0.9422	0.9427	0.9429	0.9337	0.9427	0.9429	0.9282	0.943	0.9431	0.9415	0.9315	0.9434	0.9018	0.9173	0.945	0.943	0.9434	0.9424	0.941	0.9425	0.9392	0.9433	0.9408	0.9424	0.9429	0.9194	0.9325	0.9428	0.9428	0.943	0.9103
  J	0.9421	0.9423	0.9423	0.9415	0.9421	0.9456	0.9471	0.8467	0.9421	0	1.9446	1.2918	1.8513	1.1155	0.9419	0.9423	1.3575	0.9361	0.9419	0.9421	1.2604	0.9422	0.9423	0.9411	0.932	1.0466	0.9052	2.1707	0.9447	0.9421	0.9432	0.9419	0.9407	0.9419	0.9409	0.9938	0.9402	0.9417	0.9431	0.9209	0.9327	0.9422	1.3541	0.9422	1.369
  K	0.9355	1.4075	0.9345	0.9337	0.9345	0.9392	0.9424	1.4585	0.9338	1.9446	0	0.9528	8.7642	0.9419	1.1745	0.9368	1.3226	1.0146	0.9341	1.8657	3.3094	0.9342	1.1183	0.9354	1.3843	0.9387	1.494	10.808	0.9375	0.9344	0.9369	1.3582	0.936	0.9346	2.5323	0.9362	1.3216	0.9345	1.3312	0.9292	2.8714	1.8076	1.4171	0.9348	1.3263
  L	0.943	0.9433	0.9434	0.9426	0.9432	0.9459	0.9469	0.8387	0.9433	1.2918	0.9528	0	1.0189	1.0495	0.9424	0.943	0.9433	0.9338	0.943	0.9432	0.9281	0.9433	0.9434	0.9418	0.9315	1.0062	0.9013	0.9176	0.9454	0.9433	0.9437	0.9427	0.9412	0.9429	0.9394	0.9743	0.9411	0.9427	0.9432	0.9191	0.9326	0.9432	0.9432	0.9433	0.91
  M	0.9302	1.8108	1.2666	0.9277	0.9288	0.9326	0.9354	2.5746	1.3923	1.8513	8.7642	1.0189	0	0.9623	0.9356	1.859	0.9284	1.7117	0.9283	0.9284	1.8459	0.9285	0.9354	0.9282	0.9283	0.9483	0.9095	3.7041	0.9311	0.928	0.9315	0.9286	0.9288	2.789	2.0543	0.9378	0.9319	0.9291	1.3916	0.9216	1.2059	2.3322	0.992	0.9295	0.9124
  N	0.9432	0.9435	0.9436	0.9428	0.9434	0.9461	0.9471	0.8385	0.9435	1.1155	0.9419	1.0495	0.9623	0	0.9424	0.9432	0.9435	0.9339	0.9432	0.9434	0.9282	0.9435	0.9436	0.9419	0.9315	1.2057	0.9013	0.9175	0.9456	0.9435	0.9439	0.9429	0.9414	0.9431	0.9395	1.077	0.9412	0.9428	0.9434	0.9191	0.9327	0.9434	0.9434	0.9435	0.91
  O	0.9423	0.9423	0.9423	0.942	0.9423	0.9436	0.9441	6.1051	0.9422	0.9419	1.1745	0.9424	0.9356	0.9424	0	0.9427	0.9422	0.938	0.9422	0.9422	1.224	0.9424	0.9423	0.9416	0.9374	0.9424	0.9236	0.932	0.9433	0.9423	0.9425	0.942	0.9417	0.9421	0.941	0.9424	1.4004	0.9422	0.9422	0.9324	1.048	0.9424	0.9422	0.9424	0.9272
  P	0.9429	0.9428	0.9429	0.9421	0.9427	0.9453	0.9463	0.8894	0.9427	0.9423	0.9368	0.943	1.859	0.9432	0.9427	0	0.9427	0.934	0.9425	0.9427	0.9365	0.9428	0.9428	0.9414	0.933	0.9431	1.0876	1.0997	0.9448	0.9428	0.9432	0.9422	0.941	0.9424	0.9402	0.943	0.9408	0.9423	0.9427	0.9385	0.933	0.9426	0.9426	0.9429	0.9156
  Q	0.9428	0.9429	0.943	0.9423	0.9429	0.9456	0.9466	0.8396	0.9429	1.3575	1.3226	0.9433	0.9284	0.9435	0.9422	0.9427	0	0.9337	0.9427	0.9429	0.9282	0.943	0.9431	0.9415	0.9315	0.9434	0.9017	0.9746	0.945	0.943	0.9434	0.9424	0.941	0.9425	0.9393	0.9433	0.9408	0.9424	0.9429	0.9193	0.9325	0.9428	0.9428	0.943	0.9102
  R	0.9363	0.9338	1.1182	0.9334	0.9341	0.9744	1.0051	0.8385	0.9337	0.9361	1.0146	0.9338	1.7117	0.9339	0.938	0.934	0.9337	0	0.9337	0.9335	0.928	0.9339	0.9336	0.9353	0.93	0.9338	1.3897	1.1502	0.9589	0.9337	1.3174	0.9331	0.9332	0.9344	0.9353	0.9337	0.9323	0.9341	0.934	0.9198	0.9261	0.934	0.9333	0.9347	0.9055
  S	0.9427	0.9427	0.9429	0.9428	0.9427	0.9453	0.9462	0.8437	0.9427	0.9419	0.9341	0.943	0.9283	0.9432	0.9422	0.9425	0.9427	0.9337	0	0.9427	0.9291	0.9428	0.9428	0.9413	1.0819	0.9431	0.9358	0.9183	0.9447	0.9428	0.9432	0.9423	0.9409	0.9424	0.9392	0.943	0.9418	0.9422	0.9426	1.6827	0.9333	0.9426	0.9426	0.9428	1.3684
  T	0.9428	0.9429	0.9431	0.9423	0.9429	0.9457	0.9466	0.8384	0.9429	0.9421	1.8657	0.9432	0.9284	0.9434	0.9422	0.9427	0.9429	0.9335	0.9427	0	0.9279	0.943	0.9431	0.9415	0.9313	0.9433	0.9011	0.917	0.9451	0.943	0.9434	0.9425	0.9409	0.9425	0.9405	0.9432	0.9408	0.9424	0.9429	0.919	0.9323	0.9428	0.9428	0.943	0.9098
  U	1.167	1.0511	0.9283	0.9282	0.9292	0.9309	0.9325	4.995	0.9282	1.2604	3.3094	0.9281	1.8459	0.9282	1.224	0.9365	0.9282	0.928	0.9291	0.9279	0	0.9286	0.9281	0.9292	3.3507	0.9281	4.8404	4.2587	0.93	0.9283	0.9294	0.9283	2.1379	0.9295	0.933	0.928	0.9283	2.3524	1.3959	1.8015	0.9274	1.0908	0.9502	0.9298	2.1867
  V	0.9429	0.943	0.9432	0.9424	0.943	0.9455	0.9465	0.9786	0.943	0.9422	0.9342	0.9433	0.9285	0.9435	0.9424	0.9428	0.943	0.9339	0.9428	0.943	0.9286	0	0.9432	0.9416	0.9319	0.9434	0.903	0.918	0.945	0.9431	0.9435	0.9425	0.9411	0.9426	1.2809	0.9433	0.9409	0.9425	0.9429	0.9201	0.9329	0.9429	0.9429	0.9431	0.9112
  W	0.9429	0.9431	0.9432	0.9424	0.943	0.9458	0.9467	0.8387	0.9431	0.9423	1.1183	0.9434	0.9354	0.9436	0.9423	0.9428	0.9431	0.9336	0.9428	0.9431	0.9281	0.9432	0	0.9416	0.9314	0.9435	0.9013	0.9174	0.9452	0.9432	0.9436	0.9426	0.9411	0.9427	0.9393	0.9434	0.9409	0.9425	1.2847	0.9191	0.9327	0.943	0.943	0.9431	0.9099
  X	0.9418	0.9415	0.9417	0.941	0.9416	0.9445	0.9459	0.8422	0.9415	0.9411	0.9354	0.9418	0.9282	0.9419	0.9416	0.9414	0.9415	0.9353	0.9413	0.9415	0.9292	0.9416	0.9416	0	0.9316	0.9418	0.9402	1.3192	0.9438	0.9416	0.9422	0.941	0.9398	0.9413	0.9388	0.9418	0.9396	0.9411	0.9415	0.9203	0.9317	0.9414	0.9413	0.9417	0.9101
  Y	0.9335	0.9317	0.9316	6.0718	0.9322	0.9335	0.9347	1.3358	0.9315	0.932	1.3843	0.9315	0.9283	0.9315	0.9374	0.933	0.9315	0.93	1.0819	0.9313	3.3507	0.9319	0.9314	0.9316	0	0.9314	19.4333	0.951	0.9329	0.9326	0.9323	0.9314	0.9321	0.9323	0.9345	0.9314	5.5032	0.9324	0.9328	2.7601	4.5929	0.9318	0.9312	0.9327	2.1608
  Z	0.9431	0.9434	0.9435	0.9427	0.9433	0.946	0.947	0.8383	0.9434	1.0466	0.9387	1.0062	0.9483	1.2057	0.9424	0.9431	0.9434	0.9338	0.9431	0.9433	0.9281	0.9434	0.9435	0.9418	0.9314	0	0.9012	0.9173	0.9455	0.9434	0.9438	0.9428	0.9413	0.943	0.9395	1.3739	0.9411	0.9427	0.9433	0.919	0.9326	0.9433	0.9433	0.9434	0.9099
  [	2.3428	0.9017	0.902	1.3534	0.9041	0.9145	0.924	3.8733	0.9018	0.9052	1.494	0.9013	0.9095	0.9013	0.9236	1.0876	0.9017	1.3897	0.9358	0.9011	4.8404	0.903	0.9013	0.9402	19.4333	0.9012	0	16.395	0.9095	0.9587	0.9111	0.9015	0.912	0.9051	1.5042	0.9011	1.8282	0.9055	0.9868	26.9902	1.4108	0.9032	0.9007	0.906	1.1415
  \	1.5357	0.9178	0.9179	0.9178	0.919	0.9624	0.9999	1.3205	0.9173	2.1707	10.808	0.9176	3.7041	0.9175	0.932	1.0997	0.9746	1.1502	0.9183	0.917	4.2587	0.918	0.9174	1.3192	0.951	0.9173	16.395	0	0.9439	0.9175	0.9433	0.918	1.1712	0.9197	1.823	0.9171	0.9196	0.9201	1.0062	1.0802	1.0431	0.9189	0.917	0.9201	1.2771
  ]	0.945	0.9451	0.9453	0.9444	0.9449	1.3181	1.0822	0.84	0.945	0.9447	0.9375	0.9454	0.9311	0.9456	0.9433	0.9448	0.945	0.9589	0.9447	0.9451	0.93	0.945	0.9452	0.9438	0.9329	0.9455	0.9095	0.9439	0	0.9451	0.9478	0.9445	0.9429	0.9445	0.9409	0.9454	0.9429	0.9443	0.9451	0.9202	0.9341	0.9448	0.945	0.9449	0.9109
  ^	0.9429	0.943	0.9432	0.9424	0.943	0.9457	0.9467	0.8396	0.943	0.9421	0.9344	0.9433	0.928	0.9435	0.9423	0.9428	0.943	0.9337	0.9428	0.943	0.9283	0.9431	0.9432	0.9416	0.9326	0.9434	0.9587	0.9175	0.9451	0	0.9435	0.9425	0.9411	0.9426	0.9393	0.9434	0.9411	0.9425	1.2163	0.9197	1.1702	0.9429	0.9429	0.9431	0.9103
  _	0.9436	0.9434	0.9439	0.9428	0.9434	0.9499	0.9539	0.8403	0.9434	0.9432	0.9369	0.9437	0.9315	0.9439	0.9425	0.9432	0.9434	1.3174	0.9432	0.9434	0.9294	0.9435	0.9436	0.9422	0.9323	0.9438	0.9111	0.9433	0.9478	0.9435	0	0.9429	0.9416	0.943	0.94	0.9437	0.9414	0.9428	0.9435	0.9201	0.933	0.9433	0.9433	0.9434	0.9105
  `	0.9423	0.9425	0.9425	0.9418	0.9426	0.945	0.946	0.8398	0.9424	0.9419	1.3582	0.9427	0.9286	0.9429	0.942	0.9422	0.9424	0.9331	0.9423	0.9425	0.9283	0.9425	0.9426	0.941	0.9314	0.9428	0.9015	0.918	0.9445	0.9425	0.9429	0	0.9405	0.9421	0.939	0.9427	0.9404	0.9419	0.9424	0.9193	0.9329	0.9424	0.9423	0.9425	0.9936
  a	0.9413	0.9411	0.9411	0.9405	0.9411	0.9435	0.9445	1.1268	0.941	0.9407	0.936	0.9412	0.9288	0.9414	0.9417	0.941	0.941	0.9332	0.9409	0.9409	2.1379	0.9411	0.9411	0.9398	0.9321	0.9413	0.912	1.1712	0.9429	0.9411	0.9416	0.9405	0	0.9408	0.9386	0.9412	0.9392	0.9409	0.941	0.9215	0.9321	0.941	0.9408	0.9413	0.9131
  b	0.9425	0.9427	0.9429	0.942	0.9425	0.945	0.9459	1.2719	0.9425	0.9419	0.9346	0.9429	2.789	0.9431	0.9421	0.9424	0.9425	0.9344	0.9424	0.9425	0.9295	0.9426	0.9427	0.9413	0.9323	0.943	0.9051	0.9197	0.9445	0.9426	0.943	0.9421	0.9408	0	0.9394	0.9429	0.9406	0.9421	0.9425	0.9214	0.9331	0.9425	0.9424	0.9427	0.9129
  c	0.9398	0.9393	0.9395	0.9389	0.9395	0.9415	0.9425	3.9324	0.9392	0.9409	2.5323	0.9394	2.0543	0.9395	0.941	0.9402	0.9393	0.9353	0.9392	0.9405	0.933	1.2809	0.9393	0.9388	0.9345	0.9395	1.5042	1.823	0.9409	0.9393	0.94	0.939	0.9386	0.9394	0	0.9394	0.9382	0.9393	0.9402	0.9278	0.9339	0.9395	0.9392	0.9397	0.9213
  d	0.943	0.9433	0.9434	0.9426	0.9432	0.9459	0.9469	0.8382	0.9433	0.9938	0.9362	0.9743	0.9378	1.077	0.9424	0.943	0.9433	0.9337	0.943	0.9432	0.928	0.9433	0.9434	0.9418	0.9314	1.3739	0.9011	0.9171	0.9454	0.9434	0.9437	0.9427	0.9412	0.9429	0.9394	0	0.941	0.9427	0.9432	0.919	0.9325	0.9431	0.9432	0.9433	0.9098
  e	0.941	0.9408	0.9409	1.4037	0.9409	0.9435	0.9446	0.8433	0.9408	0.9402	1.3216	0.9411	0.9319	0.9412	1.4004	0.9408	0.9408	0.9323	0.9418	0.9408	0.9283	0.9409	0.9409	0.9396	5.5032	0.9411	1.8282	0.9196	0.9429	0.9411	0.9414	0.9404	0.9392	0.9406	0.9382	0.941	0	0.9405	0.941	1.8309	1.7466	0.9408	0.9406	0.9411	1.3664
  f	0.9424	0.9425	0.9425	0.9418	0.9424	0.9448	0.9457	1.2743	0.9424	0.9417	0.9345	0.9427	0.9291	0.9428	0.9422	0.9423	0.9424	0.9341	0.9422	0.9424	2.3524	0.9425	0.9425	0.9411	0.9324	0.9427	0.9055	0.9201	0.9443	0.9425	0.9428	0.9419	0.9409	0.9421	0.9393	0.9427	0.9405	0	0.9423	0.9216	0.9331	0.9424	0.9423	0.9425	0.9134
  g	0.9428	0.943	0.9431	0.9422	0.9428	0.9457	0.9468	0.8393	0.9429	0.9431	1.3312	0.9432	1.3916	0.9434	0.9422	0.9427	0.9429	0.934	0.9426	0.9429	1.3959	0.9429	1.2847	0.9415	0.9328	0.9433	0.9868	1.0062	0.9451	1.2163	0.9435	0.9424	0.941	0.9425	0.9402	0.9432	0.941	0.9423	0	0.9196	1.2527	0.9429	0.9428	0.9429	0.9103
  h	1.1036	0.9192	0.9195	0.9204	0.9208	0.9208	0.9218	6.4609	0.9194	0.9209	0.9292	0.9191	0.9216	0.9191	0.9324	0.9385	0.9193	0.9198	1.6827	0.919	1.8015	0.9201	0.9191	0.9203	2.7601	0.919	26.9902	1.0802	0.9202	0.9197	0.9201	0.9193	0.9215	0.9214	0.9278	0.919	1.8309	0.9216	0.9196	0	1.3896	0.92	0.9188	0.9219	4.0122
  i	0.9341	0.9325	0.9327	0.9325	0.9331	0.9347	0.9356	2.0393	0.9325	0.9327	2.8714	0.9326	1.2059	0.9327	1.048	0.933	0.9325	0.9261	0.9333	0.9323	0.9274	0.9329	0.9327	0.9317	4.5929	0.9326	1.4108	1.0431	0.9341	1.1702	0.933	0.9329	0.9321	0.9331	0.9339	0.9325	1.7466	0.9331	1.2527	1.3896	0	0.9329	0.9321	0.9337	2.895
  j	0.9427	0.943	0.9431	0.9422	0.9428	0.9454	0.9463	0.9283	0.9428	0.9422	1.8076	0.9432	2.3322	0.9434	0.9424	0.9426	0.9428	0.934	0.9426	0.9428	1.0908	0.9429	0.943	0.9414	0.9318	0.9433	0.9032	0.9189	0.9448	0.9429	0.9433	0.9424	0.941	0.9425	0.9395	0.9431	0.9408	0.9424	0.9429	0.92	0.9329	0	0.9427	0.9429	0.9113
  k	0.9427	0.9428	0.943	0.9421	0.9428	0.9455	0.9465	0.8376	0.9428	1.3541	1.4171	0.9432	0.992	0.9434	0.9422	0.9426	0.9428	0.9333	0.9426	0.9428	0.9502	0.9429	0.943	0.9413	0.9312	0.9433	0.9007	0.917	0.945	0.9429	0.9433	0.9423	0.9408	0.9424	0.9392	0.9432	0.9406	0.9423	0.9428	0.9188	0.9321	0.9427	0	0.9429	0.9095
  l	0.9429	0.943	0.9431	0.9424	0.943	0.9454	0.9462	1.2746	0.943	0.9422	0.9348	0.9433	0.9295	0.9435	0.9424	0.9429	0.943	0.9347	0.9428	0.943	0.9298	0.9431	0.9431	0.9417	0.9327	0.9434	0.906	0.9201	0.9449	0.9431	0.9434	0.9425	0.9413	0.9427	0.9397	0.9433	0.9411	0.9425	0.9429	0.9219	0.9337	0.9429	0.9429	0	0.9137
  m	0.9154	0.9102	0.9104	0.9107	2.2809	0.9114	0.9122	3.8214	0.9103	1.369	1.3263	0.91	0.9124	0.91	0.9272	0.9156	0.9102	0.9055	1.3684	0.9098	2.1867	0.9112	0.9099	0.9101	2.1608	0.9099	1.1415	1.2771	0.9109	0.9103	0.9105	0.9936	0.9131	0.9129	0.9213	0.9098	1.3664	0.9134	0.9103	4.0122	2.895	0.9113	0.9095	0.9137	0

Actual rates from j->i (Q_ij):
	A	B	C	D	E	F	G	H	I	J	K	L	M	N	O	P	Q	R	S	T	U	V	W	X	Y	Z	[	\	]	^	_	`	a	b	c	d	e	f	g	h	i	j	k	l	m
  A	0	0.0206	0.0206	0.0205	0.0206	0.0206	0.0206	0.0186	0.0206	0.0205	0.0204	0.0206	0.0203	0.0206	0.0205	0.0206	0.0206	0.0204	0.0206	0.0206	0.0254	0.0206	0.0206	0.0205	0.0204	0.0206	0.0511	0.0335	0.0206	0.0206	0.0206	0.0205	0.0205	0.0206	0.0205	0.0206	0.0205	0.0206	0.0206	0.0241	0.0204	0.0206	0.0206	0.0206	0.02
  B	0.0244	0	0.0245	0.0244	0.0244	0.0245	0.0245	0.0218	0.0244	0.0244	0.0365	0.0245	0.0469	0.0245	0.0244	0.0244	0.0244	0.0242	0.0244	0.0244	0.0273	0.0244	0.0245	0.0244	0.0242	0.0245	0.0234	0.0238	0.0245	0.0244	0.0245	0.0244	0.0244	0.0244	0.0244	0.0245	0.0244	0.0244	0.0244	0.0238	0.0242	0.0244	0.0244	0.0244	0.0236
  C	0.0242	0.0242	0	0.0242	0.0242	0.0243	0.0243	0.0216	0.0242	0.0242	0.024	0.0242	0.0325	0.0242	0.0242	0.0242	0.0242	0.0287	0.0242	0.0242	0.0238	0.0242	0.0242	0.0242	0.0239	0.0242	0.0232	0.0236	0.0243	0.0242	0.0242	0.0242	0.0242	0.0242	0.0241	0.0242	0.0242	0.0242	0.0242	0.0236	0.0239	0.0242	0.0242	0.0242	0.0234
  D	0.0238	0.0238	0.0238	0	0.0238	0.0238	0.0239	0.0212	0.0238	0.0237	0.0236	0.0238	0.0234	0.0238	0.0238	0.0238	0.0238	0.0235	0.0238	0.0238	0.0234	0.0238	0.0238	0.0237	0.1532	0.0238	0.0341	0.0232	0.0238	0.0238	0.0238	0.0238	0.0237	0.0238	0.0237	0.0238	0.0354	0.0238	0.0238	0.0232	0.0235	0.0238	0.0238	0.0238	0.023
  E	0.0228	0.0228	0.0228	0.0228	0	0.0229	0.0229	0.0205	0.0228	0.0228	0.0226	0.0228	0.0225	0.0228	0.0228	0.0228	0.0228	0.0226	0.0228	0.0228	0.0225	0.0228	0.0228	0.0228	0.0226	0.0228	0.0219	0.0222	0.0229	0.0228	0.0228	0.0228	0.0228	0.0228	0.0227	0.0228	0.0228	0.0228	0.0228	0.0223	0.0226	0.0228	0.0228	0.0228	0.0552
  F	0.0246	0.0246	0.0246	0.0246	0.0246	0	0.0301	0.0219	0.0246	0.0246	0.0245	0.0246	0.0243	0.0246	0.0246	0.0246	0.0246	0.0254	0.0246	0.0246	0.0242	0.0246	0.0246	0.0246	0.0243	0.0246	0.0238	0.0251	0.0343	0.0246	0.0247	0.0246	0.0246	0.0246	0.0245	0.0246	0.0246	0.0246	0.0246	0.024	0.0243	0.0246	0.0246	0.0246	0.0237
  G	0.0245	0.0245	0.0245	0.0245	0.0245	0.0299	0	0.0218	0.0245	0.0245	0.0244	0.0245	0.0242	0.0245	0.0244	0.0245	0.0245	0.026	0.0245	0.0245	0.0241	0.0245	0.0245	0.0245	0.0242	0.0245	0.0239	0.0259	0.028	0.0245	0.0247	0.0245	0.0244	0.0245	0.0244	0.0245	0.0244	0.0245	0.0245	0.0239	0.0242	0.0245	0.0245	0.0245	0.0236
  H	0.0139	0.0136	0.0136	0.0137	0.0137	0.0137	0.0137	0	0.0136	0.0138	0.0237	0.0136	0.0418	0.0136	0.0992	0.0144	0.0136	0.0136	0.0137	0.0136	0.0811	0.0159	0.0136	0.0137	0.0217	0.0136	0.0629	0.0215	0.0136	0.0136	0.0136	0.0136	0.0183	0.0207	0.0639	0.0136	0.0137	0.0207	0.0136	0.1049	0.0331	0.0151	0.0136	0.0207	0.0621
  I	0.0242	0.0242	0.0242	0.0242	0.0242	0.0243	0.0243	0.0216	0	0.0242	0.024	0.0243	0.0358	0.0243	0.0242	0.0242	0.0242	0.024	0.0242	0.0242	0.0239	0.0242	0.0242	0.0242	0.0239	0.0243	0.0232	0.0236	0.0243	0.0242	0.0243	0.0242	0.0242	0.0242	0.0241	0.0243	0.0242	0.0242	0.0242	0.0236	0.024	0.0242	0.0242	0.0242	0.0234
  J	0.0225	0.0225	0.0225	0.0225	0.0225	0.0226	0.0226	0.0202	0.0225	0	0.0465	0.0309	0.0442	0.0267	0.0225	0.0225	0.0324	0.0224	0.0225	0.0225	0.0301	0.0225	0.0225	0.0225	0.0223	0.025	0.0216	0.0519	0.0226	0.0225	0.0225	0.0225	0.0225	0.0225	0.0225	0.0238	0.0225	0.0225	0.0225	0.022	0.0223	0.0225	0.0324	0.0225	0.0327
  K	0.0128	0.0192	0.0128	0.0128	0.0128	0.0128	0.0129	0.0199	0.0128	0.0266	0	0.013	0.1198	0.0129	0.0161	0.0128	0.0181	0.0139	0.0128	0.0255	0.0452	0.0128	0.0153	0.0128	0.0189	0.0128	0.0204	0.1477	0.0128	0.0128	0.0128	0.0186	0.0128	0.0128	0.0346	0.0128	0.0181	0.0128	0.0182	0.0127	0.0392	0.0247	0.0194	0.0128	0.0181
  L	0.0246	0.0246	0.0246	0.0246	0.0246	0.0247	0.0247	0.0219	0.0246	0.0337	0.0249	0	0.0266	0.0274	0.0246	0.0246	0.0246	0.0244	0.0246	0.0246	0.0242	0.0246	0.0246	0.0246	0.0243	0.0263	0.0235	0.0239	0.0247	0.0246	0.0246	0.0246	0.0246	0.0246	0.0245	0.0254	0.0246	0.0246	0.0246	0.024	0.0243	0.0246	0.0246	0.0246	0.0237
  M	0.0182	0.0354	0.0247	0.0181	0.0181	0.0182	0.0183	0.0503	0.0272	0.0361	0.1711	0.0199	0	0.0188	0.0183	0.0363	0.0181	0.0334	0.0181	0.0181	0.036	0.0181	0.0183	0.0181	0.0181	0.0185	0.0178	0.0723	0.0182	0.0181	0.0182	0.0181	0.0181	0.0544	0.0401	0.0183	0.0182	0.0181	0.0272	0.018	0.0235	0.0455	0.0194	0.0181	0.0178
  N	0.0247	0.0247	0.0247	0.0247	0.0247	0.0248	0.0248	0.022	0.0247	0.0292	0.0247	0.0275	0.0252	0	0.0247	0.0247	0.0247	0.0245	0.0247	0.0247	0.0243	0.0247	0.0247	0.0247	0.0244	0.0316	0.0236	0.024	0.0248	0.0247	0.0247	0.0247	0.0247	0.0247	0.0246	0.0282	0.0247	0.0247	0.0247	0.0241	0.0244	0.0247	0.0247	0.0247	0.0238
  O	0.0116	0.0116	0.0116	0.0115	0.0116	0.0116	0.0116	0.0749	0.0116	0.0115	0.0144	0.0116	0.0115	0.0116	0	0.0116	0.0116	0.0115	0.0116	0.0116	0.015	0.0116	0.0116	0.0115	0.0115	0.0116	0.0113	0.0114	0.0116	0.0116	0.0116	0.0116	0.0115	0.0116	0.0115	0.0116	0.0172	0.0116	0.0116	0.0114	0.0129	0.0116	0.0116	0.0116	0.0114
  P	0.0236	0.0236	0.0236	0.0236	0.0236	0.0236	0.0237	0.0222	0.0236	0.0236	0.0234	0.0236	0.0465	0.0236	0.0236	0	0.0236	0.0234	0.0236	0.0236	0.0234	0.0236	0.0236	0.0235	0.0233	0.0236	0.0272	0.0275	0.0236	0.0236	0.0236	0.0236	0.0235	0.0236	0.0235	0.0236	0.0235	0.0236	0.0236	0.0235	0.0233	0.0236	0.0236	0.0236	0.0229
  Q	0.0243	0.0243	0.0243	0.0243	0.0243	0.0244	0.0244	0.0217	0.0243	0.035	0.0341	0.0243	0.024	0.0244	0.0243	0.0243	0	0.0241	0.0243	0.0243	0.024	0.0243	0.0243	0.0243	0.024	0.0243	0.0233	0.0252	0.0244	0.0243	0.0244	0.0243	0.0243	0.0243	0.0242	0.0243	0.0243	0.0243	0.0243	0.0237	0.0241	0.0243	0.0243	0.0243	0.0235
  R	0.0242	0.0242	0.0289	0.0242	0.0242	0.0252	0.026	0.0217	0.0242	0.0242	0.0263	0.0242	0.0443	0.0242	0.0243	0.0242	0.0242	0	0.0242	0.0242	0.024	0.0242	0.0242	0.0242	0.0241	0.0242	0.036	0.0298	0.0248	0.0242	0.0341	0.0242	0.0242	0.0242	0.0242	0.0242	0.0241	0.0242	0.0242	0.0238	0.024	0.0242	0.0242	0.0242	0.0234
  S	0.0234	0.0234	0.0234	0.0234	0.0234	0.0235	0.0235	0.0209	0.0234	0.0234	0.0232	0.0234	0.023	0.0234	0.0234	0.0234	0.0234	0.0232	0	0.0234	0.0231	0.0234	0.0234	0.0234	0.0268	0.0234	0.0232	0.0228	0.0234	0.0234	0.0234	0.0234	0.0233	0.0234	0.0233	0.0234	0.0234	0.0234	0.0234	0.0418	0.0232	0.0234	0.0234	0.0234	0.034
  T	0.0247	0.0247	0.0247	0.0247	0.0247	0.0247	0.0248	0.0219	0.0247	0.0246	0.0488	0.0247	0.0243	0.0247	0.0247	0.0247	0.0247	0.0244	0.0247	0	0.0243	0.0247	0.0247	0.0246	0.0244	0.0247	0.0236	0.024	0.0247	0.0247	0.0247	0.0247	0.0246	0.0247	0.0246	0.0247	0.0246	0.0247	0.0247	0.024	0.0244	0.0247	0.0247	0.0247	0.0238
  U	0.0155	0.0139	0.0123	0.0123	0.0123	0.0123	0.0124	0.0662	0.0123	0.0167	0.0439	0.0123	0.0245	0.0123	0.0162	0.0124	0.0123	0.0123	0.0123	0.0123	0	0.0123	0.0123	0.0123	0.0444	0.0123	0.0642	0.0564	0.0123	0.0123	0.0123	0.0123	0.0283	0.0123	0.0124	0.0123	0.0123	0.0312	0.0185	0.0239	0.0123	0.0145	0.0126	0.0123	0.029
  V	0.0236	0.0236	0.0236	0.0236	0.0236	0.0237	0.0237	0.0245	0.0236	0.0236	0.0234	0.0236	0.0232	0.0236	0.0236	0.0236	0.0236	0.0234	0.0236	0.0236	0.0232	0	0.0236	0.0236	0.0233	0.0236	0.0226	0.023	0.0236	0.0236	0.0236	0.0236	0.0235	0.0236	0.032	0.0236	0.0235	0.0236	0.0236	0.023	0.0233	0.0236	0.0236	0.0236	0.0228
  W	0.0246	0.0246	0.0246	0.0246	0.0246	0.0247	0.0247	0.0219	0.0246	0.0246	0.0292	0.0246	0.0244	0.0246	0.0246	0.0246	0.0246	0.0244	0.0246	0.0246	0.0242	0.0246	0	0.0246	0.0243	0.0246	0.0235	0.0239	0.0247	0.0246	0.0246	0.0246	0.0246	0.0246	0.0245	0.0246	0.0246	0.0246	0.0335	0.024	0.0243	0.0246	0.0246	0.0246	0.0237
  X	0.0239	0.0239	0.0239	0.0239	0.0239	0.024	0.024	0.0214	0.0239	0.0239	0.0237	0.0239	0.0235	0.0239	0.0239	0.0239	0.0239	0.0237	0.0239	0.0239	0.0236	0.0239	0.0239	0	0.0236	0.0239	0.0238	0.0335	0.0239	0.0239	0.0239	0.0239	0.0238	0.0239	0.0238	0.0239	0.0238	0.0239	0.0239	0.0233	0.0236	0.0239	0.0239	0.0239	0.0231
  Y	0.0108	0.0108	0.0108	0.0701	0.0108	0.0108	0.0108	0.0154	0.0107	0.0108	0.016	0.0107	0.0107	0.0107	0.0108	0.0108	0.0107	0.0107	0.0125	0.0107	0.0387	0.0108	0.0107	0.0108	0	0.0107	0.2243	0.011	0.0108	0.0108	0.0108	0.0107	0.0108	0.0108	0.0108	0.0107	0.0635	0.0108	0.0108	0.0319	0.053	0.0108	0.0107	0.0108	0.0249
  Z	0.0247	0.0247	0.0247	0.0247	0.0247	0.0248	0.0248	0.022	0.0247	0.0275	0.0246	0.0264	0.0249	0.0316	0.0247	0.0247	0.0247	0.0245	0.0247	0.0247	0.0243	0.0247	0.0247	0.0247	0.0244	0	0.0236	0.0241	0.0248	0.0247	0.0248	0.0247	0.0247	0.0247	0.0246	0.036	0.0247	0.0247	0.0247	0.0241	0.0245	0.0247	0.0247	0.0247	0.0239
  [	0.0345	0.0133	0.0133	0.0199	0.0133	0.0135	0.0136	0.057	0.0133	0.0133	0.022	0.0133	0.0134	0.0133	0.0136	0.016	0.0133	0.0205	0.0138	0.0133	0.0712	0.0133	0.0133	0.0138	0.286	0.0133	0	0.2413	0.0134	0.0141	0.0134	0.0133	0.0134	0.0133	0.0221	0.0133	0.0269	0.0133	0.0145	0.3972	0.0208	0.0133	0.0133	0.0133	0.0168
  \	0.0155	0.0093	0.0093	0.0093	0.0093	0.0097	0.0101	0.0133	0.0093	0.0219	0.1091	0.0093	0.0374	0.0093	0.0094	0.0111	0.0098	0.0116	0.0093	0.0093	0.043	0.0093	0.0093	0.0133	0.0096	0.0093	0.1655	0	0.0095	0.0093	0.0095	0.0093	0.0118	0.0093	0.0184	0.0093	0.0093	0.0093	0.0102	0.0109	0.0105	0.0093	0.0093	0.0093	0.0129
  ]	0.0247	0.0247	0.0247	0.0247	0.0247	0.0344	0.0283	0.0219	0.0247	0.0247	0.0245	0.0247	0.0243	0.0247	0.0246	0.0247	0.0247	0.025	0.0247	0.0247	0.0243	0.0247	0.0247	0.0246	0.0244	0.0247	0.0238	0.0247	0	0.0247	0.0248	0.0247	0.0246	0.0247	0.0246	0.0247	0.0246	0.0247	0.0247	0.024	0.0244	0.0247	0.0247	0.0247	0.0238
  ^	0.0244	0.0244	0.0244	0.0244	0.0244	0.0245	0.0245	0.0217	0.0244	0.0244	0.0242	0.0244	0.024	0.0244	0.0244	0.0244	0.0244	0.0242	0.0244	0.0244	0.024	0.0244	0.0244	0.0244	0.0241	0.0244	0.0248	0.0237	0.0245	0	0.0244	0.0244	0.0243	0.0244	0.0243	0.0244	0.0243	0.0244	0.0315	0.0238	0.0303	0.0244	0.0244	0.0244	0.0235
  _	0.0244	0.0244	0.0244	0.0243	0.0244	0.0245	0.0246	0.0217	0.0244	0.0244	0.0242	0.0244	0.024	0.0244	0.0243	0.0243	0.0244	0.034	0.0243	0.0244	0.024	0.0244	0.0244	0.0243	0.0241	0.0244	0.0235	0.0244	0.0245	0.0244	0	0.0243	0.0243	0.0243	0.0243	0.0244	0.0243	0.0243	0.0244	0.0238	0.0241	0.0244	0.0244	0.0244	0.0235
  `	0.0243	0.0243	0.0243	0.0243	0.0243	0.0244	0.0244	0.0216	0.0243	0.0243	0.035	0.0243	0.0239	0.0243	0.0243	0.0243	0.0243	0.0241	0.0243	0.0243	0.0239	0.0243	0.0243	0.0243	0.024	0.0243	0.0232	0.0237	0.0243	0.0243	0.0243	0	0.0242	0.0243	0.0242	0.0243	0.0242	0.0243	0.0243	0.0237	0.024	0.0243	0.0243	0.0243	0.0256
  a	0.0217	0.0217	0.0217	0.0217	0.0217	0.0218	0.0218	0.026	0.0217	0.0217	0.0216	0.0217	0.0214	0.0217	0.0217	0.0217	0.0217	0.0215	0.0217	0.0217	0.0493	0.0217	0.0217	0.0217	0.0215	0.0217	0.0211	0.027	0.0218	0.0217	0.0217	0.0217	0	0.0217	0.0217	0.0217	0.0217	0.0217	0.0217	0.0213	0.0215	0.0217	0.0217	0.0217	0.0211
  b	0.0221	0.0221	0.0221	0.0221	0.0221	0.0221	0.0222	0.0298	0.0221	0.0221	0.0219	0.0221	0.0653	0.0221	0.0221	0.0221	0.0221	0.0219	0.0221	0.0221	0.0218	0.0221	0.0221	0.0221	0.0218	0.0221	0.0212	0.0215	0.0221	0.0221	0.0221	0.0221	0.022	0	0.022	0.0221	0.022	0.0221	0.0221	0.0216	0.0219	0.0221	0.0221	0.0221	0.0214
  c	0.0148	0.0148	0.0148	0.0148	0.0148	0.0148	0.0148	0.0619	0.0148	0.0148	0.0399	0.0148	0.0323	0.0148	0.0148	0.0148	0.0148	0.0147	0.0148	0.0148	0.0147	0.0202	0.0148	0.0148	0.0147	0.0148	0.0237	0.0287	0.0148	0.0148	0.0148	0.0148	0.0148	0.0148	0	0.0148	0.0148	0.0148	0.0148	0.0146	0.0147	0.0148	0.0148	0.0148	0.0145
  d	0.0247	0.0247	0.0248	0.0247	0.0247	0.0248	0.0248	0.022	0.0247	0.0261	0.0246	0.0256	0.0246	0.0283	0.0247	0.0247	0.0247	0.0245	0.0247	0.0247	0.0243	0.0247	0.0248	0.0247	0.0244	0.036	0.0236	0.0241	0.0248	0.0248	0.0248	0.0247	0.0247	0.0247	0.0246	0	0.0247	0.0247	0.0247	0.0241	0.0245	0.0247	0.0247	0.0247	0.0239
  e	0.0232	0.0232	0.0232	0.0346	0.0232	0.0232	0.0233	0.0208	0.0232	0.0232	0.0326	0.0232	0.023	0.0232	0.0345	0.0232	0.0232	0.023	0.0232	0.0232	0.0229	0.0232	0.0232	0.0231	0.1356	0.0232	0.045	0.0227	0.0232	0.0232	0.0232	0.0232	0.0231	0.0232	0.0231	0.0232	0	0.0232	0.0232	0.0451	0.043	0.0232	0.0232	0.0232	0.0337
  f	0.0218	0.0218	0.0218	0.0218	0.0218	0.0219	0.0219	0.0295	0.0218	0.0218	0.0217	0.0218	0.0215	0.0219	0.0218	0.0218	0.0218	0.0216	0.0218	0.0218	0.0545	0.0218	0.0218	0.0218	0.0216	0.0218	0.021	0.0213	0.0219	0.0218	0.0219	0.0218	0.0218	0.0218	0.0218	0.0218	0.0218	0	0.0218	0.0214	0.0216	0.0218	0.0218	0.0218	0.0212
  g	0.0245	0.0245	0.0245	0.0245	0.0245	0.0246	0.0246	0.0218	0.0245	0.0245	0.0346	0.0245	0.0362	0.0245	0.0245	0.0245	0.0245	0.0243	0.0245	0.0245	0.0363	0.0245	0.0334	0.0245	0.0242	0.0245	0.0256	0.0262	0.0246	0.0316	0.0245	0.0245	0.0245	0.0245	0.0244	0.0245	0.0245	0.0245	0	0.0239	0.0326	0.0245	0.0245	0.0245	0.0237
  h	0.0076	0.0063	0.0063	0.0063	0.0063	0.0063	0.0063	0.0445	0.0063	0.0063	0.0064	0.0063	0.0063	0.0063	0.0064	0.0065	0.0063	0.0063	0.0116	0.0063	0.0124	0.0063	0.0063	0.0063	0.019	0.0063	0.1857	0.0074	0.0063	0.0063	0.0063	0.0063	0.0063	0.0063	0.0064	0.0063	0.0126	0.0063	0.0063	0	0.0096	0.0063	0.0063	0.0063	0.0276
  i	0.0187	0.0186	0.0187	0.0186	0.0187	0.0187	0.0187	0.0408	0.0186	0.0187	0.0574	0.0187	0.0241	0.0187	0.021	0.0187	0.0186	0.0185	0.0187	0.0186	0.0185	0.0187	0.0187	0.0186	0.0918	0.0187	0.0282	0.0209	0.0187	0.0234	0.0187	0.0187	0.0186	0.0187	0.0187	0.0186	0.0349	0.0187	0.0251	0.0278	0	0.0187	0.0186	0.0187	0.0579
  j	0.0236	0.0237	0.0237	0.0236	0.0237	0.0237	0.0237	0.0233	0.0237	0.0236	0.0453	0.0237	0.0585	0.0237	0.0236	0.0236	0.0237	0.0234	0.0236	0.0237	0.0274	0.0237	0.0237	0.0236	0.0234	0.0237	0.0227	0.0231	0.0237	0.0237	0.0237	0.0236	0.0236	0.0236	0.0236	0.0237	0.0236	0.0236	0.0237	0.0231	0.0234	0	0.0237	0.0237	0.0229
  k	0.0249	0.0249	0.0249	0.0248	0.0249	0.0249	0.025	0.0221	0.0249	0.0357	0.0374	0.0249	0.0262	0.0249	0.0248	0.0249	0.0249	0.0246	0.0249	0.0249	0.0251	0.0249	0.0249	0.0248	0.0246	0.0249	0.0238	0.0242	0.0249	0.0249	0.0249	0.0248	0.0248	0.0249	0.0248	0.0249	0.0248	0.0248	0.0249	0.0242	0.0246	0.0249	0	0.0249	0.024
  l	0.0217	0.0217	0.0217	0.0217	0.0217	0.0217	0.0218	0.0293	0.0217	0.0217	0.0215	0.0217	0.0214	0.0217	0.0217	0.0217	0.0217	0.0215	0.0217	0.0217	0.0214	0.0217	0.0217	0.0217	0.0215	0.0217	0.0208	0.0212	0.0217	0.0217	0.0217	0.0217	0.0217	0.0217	0.0216	0.0217	0.0216	0.0217	0.0217	0.0212	0.0215	0.0217	0.0217	0	0.021
  m	0.0132	0.0131	0.0132	0.0132	0.033	0.0132	0.0132	0.0552	0.0131	0.0198	0.0192	0.0131	0.0132	0.0131	0.0134	0.0132	0.0131	0.0131	0.0198	0.0131	0.0316	0.0132	0.0131	0.0131	0.0312	0.0131	0.0165	0.0184	0.0132	0.0132	0.0132	0.0144	0.0132	0.0132	0.0133	0.0131	0.0197	0.0132	0.0131	0.058	0.0418	0.0132	0.0131	0.0132	0
