{
  "generated_by": {
    "program": "augur",
    "version": "12.0.0"
  },
  "models": {
    "country": {
      "alphabet": [
        "Australia",
        "Brunei",
        "Cambodia",
        "Canada",
        "China",
        "Denmark",
        "France",
        "Germany",
        "Greece",
        "Guinea",
        "Hong Kong",
        "Hungary",
        "Japan",
        "Laos",
        "Madagascar",
        "Malaysia",
        "Mauritania",
        "Na",
        "Netherlands",
        "Norway",
        "Russia",
        "Senegal",
        "Singapore",
        "South Korea",
        "Spain",
        "Switzerland",
        "Taiwan",
        "Thailand",
        "Unknown",
        "Usa",
        "Viet Nam",
        "?"
      ],
      "equilibrium_probabilities": [
        0.03250389677461562,
        0.03634857395165033,
        0.024800007853318234,
        0.03464231084800785,
        0.027058593953045777,
        0.036761668343244534,
        0.03784778603600515,
        0.03587237867741436,
        0.036193583460572755,
        0.03641604861664254,
        0.0222634071508832,
        0.035872008529314124,
        0.023016618154568628,
        0.03213083268335934,
        0.03604190899779506,
        0.03162830597244811,
        0.0366587290100194,
        0.023954944031800887,
        0.033404291635109204,
        0.036518137506351994,
        0.032136967037247846,
        0.03627988433896683,
        0.0380196268769471,
        0.03526758544684934,
        0.03619412396997932,
        0.03637430007659296,
        0.018970778756988212,
        0.022511219570626746,
        0.036221735828855496,
        0.03483899767671634,
        0.023250748234062674
      ],
      "rate": 12.41744980440076,
      "transition_matrix": [
        [
          0.0,
          0.9420805341827929,
          0.9387875454799878,
          1.2682327631091854,
          1.3457238376325071,
          0.9427874749994974,
          0.9421212369413714,
          0.9413819722875761,
          0.9433467824656766,
          0.9439324558606492,
          0.9421044053840182,
          0.9420637017125292,
          1.1779106559476964,
          0.9420993025205158,
          0.9457870584506198,
          1.1991871202770388,
          0.9419990383803888,
          0.9416283860854457,
          1.8018251193689774,
          1.1376684335773664,
          0.9420655227963313,
          0.9446985163300834,
          0.9417014695842163,
          0.9418064685612666,
          0.941587729896716,
          1.2205738327517548,
          0.9874623841869993,
          1.217266384524906,
          1.0688535910738728,
          0.9418764481062931,
          0.9218982817533187
        ],
        [
          0.9420805341827929,
          0.0,
          0.9392825903814388,
          0.942779704938923,
          0.8904701006402308,
          0.9432697050173602,
          0.9433879255576882,
          0.942778258891468,
          0.9431876516035731,
          0.9452967168455263,
          0.9427856633192243,
          0.9434293315516046,
          0.9412105470718228,
          0.9434070134509529,
          0.9468650757827095,
          1.409723177173388,
          0.9435033849102491,
          0.9420833767125336,
          0.9419178025925236,
          0.9436252970895994,
          0.9433694425098503,
          0.9458388907845157,
          0.9427680955317811,
          0.9430072438123474,
          0.9429742977777746,
          0.9435792489238357,
          0.9262020508248795,
          0.9385579890156278,
          0.9427619642627845,
          0.9425652065399736,
          0.9202169061841536
        ],
        [
          0.9387875454799878,
          0.9392825903814388,
          0.0,
          0.9390111688866581,
          1.8078863720246345,
          0.9399957365746031,
          0.9390492577739373,
          0.9388561869143887,
          0.9391354433888766,
          0.9408194568056685,
          0.9405886198360401,
          0.9393005843530581,
          0.9402761246302883,
          0.9397219040612141,
          0.9423399901358074,
          0.9375388616316288,
          0.9392597599695385,
          0.9398749412170325,
          0.940572170203376,
          0.9393754091324134,
          0.9396957894837155,
          0.9414670670063912,
          0.9386168287924602,
          0.939118042772597,
          0.9389488403468408,
          0.9393614885155042,
          0.9318084702517071,
          1.413777497844566,
          0.9387983480960895,
          0.9392094251095815,
          8.421918776029415
        ],
        [
          1.2682327631091854,
          0.942779704938923,
          0.9390111688866581,
          0.0,
          1.1405553668982666,
          0.9431173854512381,
          0.9483177290968989,
          0.9420142824143891,
          0.9749100571135478,
          0.9446040811379501,
          0.9437384491810368,
          0.9427497047717666,
          1.1893454485689923,
          0.9427278390561636,
          0.946396140319746,
          1.2498975402587387,
          0.9426750059110667,
          0.9471923385612359,
          1.8620453462685458,
          0.9429184621817064,
          0.9426919285971099,
          0.9453071341438887,
          0.9443257928177989,
          0.9423521734800566,
          0.9422359234156745,
          0.9429234835204324,
          0.9319085324748514,
          0.9428077470938404,
          0.942301328265365,
          0.948414526433619,
          0.9209995316246595
        ],
        [
          1.3457238376325071,
          0.8904701006402308,
          1.8078863720246345,
          1.1405553668982666,
          0.0,
          1.0096105956821209,
          0.8896264524626933,
          0.8920373704787893,
          0.8987380838688924,
          0.9094575516136093,
          4.077826256708199,
          0.8920399610045878,
          3.1617216807822217,
          1.3434176969734992,
          0.9368766232089588,
          0.9119348961819728,
          0.8906454493012304,
          2.935548568363117,
          1.3440464611904719,
          0.8906605386011415,
          1.3433288579618003,
          0.9288353085728214,
          0.8908311901564782,
          0.9156217048925354,
          0.8908292042742912,
          0.8909846176070098,
          6.0061712412986665,
          3.105338972949694,
          0.8907221401321367,
          1.036372914578668,
          3.261660833243809
        ],
        [
          0.9427874749994974,
          0.9432697050173602,
          0.9399957365746031,
          0.9431173854512381,
          1.0096105956821209,
          0.0,
          0.9432417230905791,
          1.8870162783695068,
          0.9430716979348703,
          0.9965483978887134,
          0.9450608725804257,
          0.943264614450177,
          1.0628762807839525,
          0.9436643808491118,
          1.0720723464875526,
          0.9420034951004761,
          0.9449851736202106,
          0.9444541730709701,
          0.9486387799764157,
          0.9433756442274608,
          0.9436261390198785,
          1.050951290561743,
          0.9428468018682068,
          0.943772847983094,
          0.9433233474871757,
          0.9433297434842111,
          0.9955773331784528,
          0.9450774990298841,
          0.9425110168640431,
          1.00160611402656,
          0.9226998448738977
        ],
        [
          0.9421212369413714,
          0.9433879255576882,
          0.9390492577739373,
          0.9483177290968989,
          0.8896264524626933,
          0.9432417230905791,
          0.0,
          0.9426468732636006,
          1.1166245843492306,
          0.9452940981436787,
          0.9428732813901075,
          0.9433748706212265,
          0.9414901348964841,
          0.9433106469821904,
          0.9469601420308723,
          0.9400246904012086,
          0.9433954979812791,
          0.942515645517404,
          1.2895531456547706,
          0.943582088713349,
          0.9432715075948173,
          0.945882648089823,
          0.9429974787736335,
          0.9428931232708379,
          1.4142672938841552,
          0.9435438266698187,
          0.9262730430629229,
          1.4082059666878974,
          0.942674356915546,
          0.9431869053849959,
          0.9192400928345292
        ],
        [
          0.9413819722875761,
          0.942778258891468,
          0.9388561869143887,
          0.9420142824143891,
          0.8920373704787893,
          1.8870162783695068,
          0.9426468732636006,
          0.0,
          0.9425154191285784,
          0.9454056459554848,
          0.9423680800251512,
          0.942723149076301,
          0.9418057679545204,
          0.9427755609427766,
          0.9480553460992258,
          0.9392818930280584,
          0.9428017904299799,
          0.9416400883063328,
          0.9413663062061818,
          0.942879139648843,
          0.9427384044199003,
          0.9466287763070558,
          0.942023314302706,
          0.9423233043228059,
          1.414172015230055,
          0.9428278301115007,
          0.9266727540044506,
          0.9385658912153356,
          0.9420249551970057,
          1.868413164987781,
          0.9200894675048791
        ],
        [
          0.9433467824656766,
          0.9431876516035731,
          0.9391354433888766,
          0.9749100571135478,
          0.8987380838688924,
          0.9430716979348703,
          1.1166245843492306,
          0.9425154191285784,
          0.0,
          0.9449976654937754,
          1.001693397280713,
          0.9432277113949414,
          0.9419171323258123,
          0.943149845107394,
          0.9465925562408629,
          0.9405736821958197,
          0.9431928795618902,
          0.9728532516866214,
          1.7846682438115808,
          0.9433411108859977,
          0.943112384759428,
          0.9455581361393942,
          1.0337735436790956,
          0.9427378280411287,
          0.9427260528986187,
          0.943312260604057,
          0.9287402309982391,
          0.9506276894971412,
          0.9425492263480658,
          0.9629334473667936,
          0.9202290553168582
        ],
        [
          0.9439324558606492,
          0.9452967168455263,
          0.9408194568056685,
          0.9446040811379501,
          0.9094575516136093,
          0.9965483978887134,
          0.9452940981436787,
          0.9454056459554848,
          0.9449976654937754,
          0.0,
          0.9446930402805712,
          0.9452232784493365,
          0.9612841800176759,
          0.9451608505396856,
          1.0189204580822642,
          0.9421194172647585,
          0.9500011468676748,
          0.9440862394371594,
          0.9443734313234585,
          0.9454105169454327,
          0.9451232557739885,
          1.3899540647170534,
          0.9447596271175023,
          0.9450559993527707,
          0.9449607718117301,
          0.9453500891957097,
          0.9379449009808425,
          0.9409869251510976,
          0.944518176456667,
          0.9445538344617549,
          0.9221198239849179
        ],
        [
          0.9421044053840182,
          0.9427856633192243,
          0.9405886198360401,
          0.9437384491810368,
          4.077826256708199,
          0.9450608725804257,
          0.9428732813901075,
          0.9423680800251512,
          1.001693397280713,
          0.9446930402805712,
          0.0,
          0.9428096101476532,
          0.9440739686128826,
          0.9428488660784587,
          0.9467329212569513,
          0.9411680472699705,
          0.9428044272013302,
          1.012587367346971,
          1.0989450827184217,
          0.9428550646181747,
          0.9428259463937682,
          0.9456994520111857,
          1.39727751809031,
          0.9426338864027634,
          0.9424734861293588,
          0.9428296831294681,
          0.937404676910343,
          0.9423568201564092,
          0.9423506714882438,
          0.9432191960775163,
          0.9291366234454081
        ],
        [
          0.9420637017125292,
          0.9434293315516046,
          0.9393005843530581,
          0.9427497047717666,
          0.8920399610045878,
          0.943264614450177,
          0.9433748706212265,
          0.942723149076301,
          0.9432277113949414,
          0.9452232784493365,
          0.9428096101476532,
          0.0,
          0.9415688746790905,
          0.943352481749497,
          0.9467899119383121,
          0.9402552641621738,
          0.9434363829299496,
          0.9420767018830255,
          1.411362802072617,
          0.9435545885927576,
          0.9433153962684571,
          0.9457721219932643,
          0.9427481004598469,
          0.9429636340404484,
          0.9429165809035073,
          0.9435106277382834,
          0.9272863751165853,
          0.938788719523382,
          0.9427206561765303,
          0.9426591290895601,
          0.9204976359161431
        ],
        [
          1.1779106559476964,
          0.9412105470718228,
          0.9402761246302883,
          1.1893454485689923,
          3.1617216807822217,
          1.0628762807839525,
          0.9414901348964841,
          0.9418057679545204,
          0.9419171323258123,
          0.9612841800176759,
          0.9440739686128826,
          0.9415688746790905,
          0.0,
          0.9417202714031812,
          0.9895507847350371,
          1.7042411718867412,
          0.9417949054255351,
          0.9445542770144437,
          1.8336597003602113,
          0.9414148119892626,
          0.9416961041231605,
          0.9812386491694167,
          0.9531469748797973,
          1.364239326392614,
          1.4107857410652949,
          0.9414911578001393,
          2.641274452321806,
          1.173776414570949,
          0.941095056091816,
          0.9423851339181527,
          0.9511804323906305
        ],
        [
          0.9420993025205158,
          0.9434070134509529,
          0.9397219040612141,
          0.9427278390561636,
          1.3434176969734992,
          0.9436643808491118,
          0.9433106469821904,
          0.9427755609427766,
          0.943149845107394,
          0.9451608505396856,
          0.9428488660784587,
          0.943352481749497,
          0.9417202714031812,
          0.0,
          0.9467628389169078,
          0.9402428959467253,
          0.9434167980813984,
          0.9422193991051553,
          0.9425852209316239,
          0.9435001271637969,
          0.943305893117042,
          0.9457738386341101,
          0.9427580761011493,
          0.9429985193950103,
          0.9429465003147344,
          0.9434520774333924,
          0.92865828013864,
          0.939359486460103,
          0.9427308547637178,
          0.9427054660382916,
          0.9228149453524975
        ],
        [
          0.9457870584506198,
          0.9468650757827095,
          0.9423399901358074,
          0.946396140319746,
          0.9368766232089588,
          1.0720723464875526,
          0.9469601420308723,
          0.9480553460992258,
          0.9465925562408629,
          1.0189204580822642,
          0.9467329212569513,
          0.9467899119383121,
          0.9895507847350371,
          0.9467628389169078,
          0.0,
          0.9444977968133867,
          0.9490973699206046,
          0.9462296094965253,
          0.9475646798310883,
          0.9469851540016682,
          0.9467256996830322,
          1.0953312820529755,
          0.9465428224968336,
          0.9469849189952261,
          0.946775202402612,
          0.9469217990881221,
          0.9545638387513636,
          0.9438403365299974,
          0.9460892783204756,
          0.9464278423890281,
          0.9245082163845701
        ],
        [
          1.1991871202770388,
          1.409723177173388,
          0.9375388616316288,
          1.2498975402587387,
          0.9119348961819728,
          0.9420034951004761,
          0.9400246904012086,
          0.9392818930280584,
          0.9405736821958197,
          0.9421194172647585,
          0.9411680472699705,
          0.9402552641621738,
          1.7042411718867412,
          0.9402428959467253,
          0.9444977968133867,
          0.0,
          0.9398295762405189,
          1.4541522154595332,
          1.7363018405336166,
          0.9749682269835904,
          0.940209748721149,
          0.9432255689175457,
          1.1501708288314882,
          0.9402167706914877,
          0.9394824209967547,
          0.9978896693764016,
          3.137567584778977,
          1.2987059550057563,
          1.3616072128792513,
          0.9400534071651668,
          0.9239861726749758
        ],
        [
          0.9419990383803888,
          0.9435033849102491,
          0.9392597599695385,
          0.9426750059110667,
          0.8906454493012304,
          0.9449851736202106,
          0.9433954979812791,
          0.9428017904299799,
          0.9431928795618902,
          0.9500011468676748,
          0.9428044272013302,
          0.9434363829299496,
          0.9417949054255351,
          0.9434167980813984,
          0.9490973699206046,
          0.9398295762405189,
          0.0,
          0.9420907058248721,
          0.9415302320232738,
          0.9436101089277212,
          0.9433789037335459,
          1.423989320328517,
          0.9427621954407357,
          0.9430173800997144,
          0.9429822067607746,
          0.9435546217775612,
          0.926286914046773,
          0.9385214749726115,
          0.9427297111786405,
          0.9425708036691228,
          0.9200485258089983
        ],
        [
          0.9416283860854457,
          0.9420833767125336,
          0.9398749412170325,
          0.9471923385612359,
          2.935548568363117,
          0.9444541730709701,
          0.942515645517404,
          0.9416400883063328,
          0.9728532516866214,
          0.9440862394371594,
          1.012587367346971,
          0.9420767018830255,
          0.9445542770144437,
          0.9422193991051553,
          0.9462296094965253,
          1.4541522154595332,
          0.9420907058248721,
          0.0,
          1.3848119259435643,
          0.9421738990957681,
          0.9421945542799136,
          0.9451395750862089,
          1.413395846788317,
          0.9419572053879093,
          0.9417459387380276,
          0.942159473925695,
          2.6253395419951087,
          0.9423538851414671,
          0.94165264432756,
          0.9434882526761795,
          0.9274629579137863
        ],
        [
          1.8018251193689774,
          0.9419178025925236,
          0.940572170203376,
          1.8620453462685458,
          1.3440464611904719,
          0.9486387799764157,
          1.2895531456547706,
          0.9413663062061818,
          1.7846682438115808,
          0.9443734313234585,
          1.0989450827184217,
          1.411362802072617,
          1.8336597003602113,
          0.9425852209316239,
          0.9475646798310883,
          1.7363018405336166,
          0.9415302320232738,
          1.3848119259435643,
          0.0,
          0.9660093130453586,
          0.9425503369448518,
          0.9461013058140244,
          1.6857570881702135,
          0.94886712537518,
          0.9415395201329781,
          0.9860968780893122,
          1.7865148226737413,
          1.1598976036165816,
          1.0888021211130423,
          1.2276923396481558,
          0.9270958253690617
        ],
        [
          1.1376684335773664,
          0.9436252970895994,
          0.9393754091324134,
          0.9429184621817064,
          0.8906605386011415,
          0.9433756442274608,
          0.943582088713349,
          0.942879139648843,
          0.9433411108859977,
          0.9454105169454327,
          0.9428550646181747,
          0.9435545885927576,
          0.9414148119892626,
          0.9435001271637969,
          0.9469851540016682,
          0.9749682269835904,
          0.9436101089277212,
          0.9421738990957681,
          0.9660093130453586,
          0.0,
          0.9434623728534779,
          0.9459544653214084,
          0.9429965588906252,
          0.9431068481922027,
          0.9430776688246747,
          1.1562585734738153,
          0.9263656608376866,
          1.0391966561470447,
          0.9622121816329992,
          0.9427556109591908,
          0.920242378062941
        ],
        [
          0.9420655227963313,
          0.9433694425098503,
          0.9396957894837155,
          0.9426919285971099,
          1.3433288579618003,
          0.9436261390198785,
          0.9432715075948173,
          0.9427384044199003,
          0.943112384759428,
          0.9451232557739885,
          0.9428259463937682,
          0.9433153962684571,
          0.9416961041231605,
          0.943305893117042,
          0.9467256996830322,
          0.940209748721149,
          0.9433789037335459,
          0.9421945542799136,
          0.9425503369448518,
          0.9434623728534779,
          0.0,
          0.9457363670086251,
          0.9427186979203812,
          0.9429620118766814,
          0.9429090369989942,
          0.9434144628745844,
          0.9286366184570438,
          0.9393356143431191,
          0.9426933256730512,
          0.9426693308975288,
          0.9227882184686447
        ],
        [
          0.9446985163300834,
          0.9458388907845157,
          0.9414670670063912,
          0.9453071341438887,
          0.9288353085728214,
          1.050951290561743,
          0.945882648089823,
          0.9466287763070558,
          0.9455581361393942,
          1.3899540647170534,
          0.9456994520111857,
          0.9457721219932643,
          0.9812386491694167,
          0.9457738386341101,
          1.0953312820529755,
          0.9432255689175457,
          1.423989320328517,
          0.9451395750862089,
          0.9461013058140244,
          0.9459544653214084,
          0.9457363670086251,
          0.0,
          0.9454227254250022,
          0.9458403078370536,
          0.9456590206358626,
          0.9458939287110887,
          0.9495900228071161,
          0.9426152236626285,
          0.9450617443798296,
          0.9453007062399946,
          0.9232795889076467
        ],
        [
          0.9417014695842163,
          0.9427680955317811,
          0.9386168287924602,
          0.9443257928177989,
          0.8908311901564782,
          0.9428468018682068,
          0.9429974787736335,
          0.942023314302706,
          1.0337735436790956,
          0.9447596271175023,
          1.39727751809031,
          0.9427481004598469,
          0.9531469748797973,
          0.9427580761011493,
          0.9465428224968336,
          1.1501708288314882,
          0.9427621954407357,
          1.413395846788317,
          1.6857570881702135,
          0.9429965588906252,
          0.9427186979203812,
          0.9454227254250022,
          0.0,
          0.9423148289345352,
          0.942224033102046,
          0.9429787412850149,
          1.1845374346143647,
          1.4098220156956238,
          0.9421269271359344,
          0.9429215525697011,
          0.9188230675515892
        ],
        [
          0.9418064685612666,
          0.9430072438123474,
          0.939118042772597,
          0.9423521734800566,
          0.9156217048925354,
          0.943772847983094,
          0.9428931232708379,
          0.9423233043228059,
          0.9427378280411287,
          0.9450559993527707,
          0.9426338864027634,
          0.9429636340404484,
          1.364239326392614,
          0.9429985193950103,
          0.9469849189952261,
          0.9402167706914877,
          0.9430173800997144,
          0.9419572053879093,
          0.94886712537518,
          0.9431068481922027,
          0.9429620118766814,
          0.9458403078370536,
          0.9423148289345352,
          0.0,
          0.9425530485232678,
          0.9430563967288579,
          1.4089087281062516,
          0.9389063881430805,
          0.9422715320680995,
          0.9421744417865492,
          0.9207548451374715
        ],
        [
          0.941587729896716,
          0.9429742977777746,
          0.9389488403468408,
          0.9422359234156745,
          0.8908292042742912,
          0.9433233474871757,
          1.4142672938841552,
          1.414172015230055,
          0.9427260528986187,
          0.9449607718117301,
          0.9424734861293588,
          0.9429165809035073,
          1.4107857410652949,
          0.9429465003147344,
          0.946775202402612,
          0.9394824209967547,
          0.9429822067607746,
          0.9417459387380276,
          0.9415395201329781,
          0.9430776688246747,
          0.9429090369989942,
          0.9456590206358626,
          0.942224033102046,
          0.9425530485232678,
          0.0,
          0.9430252734719808,
          0.9263425337955953,
          0.9383759713541364,
          0.9422141242827625,
          0.9421229078443772,
          0.9200022603802067
        ],
        [
          1.2205738327517548,
          0.9435792489238357,
          0.9393614885155042,
          0.9429234835204324,
          0.8909846176070098,
          0.9433297434842111,
          0.9435438266698187,
          0.9428278301115007,
          0.943312260604057,
          0.9453500891957097,
          0.9428296831294681,
          0.9435106277382834,
          0.9414911578001393,
          0.9434520774333924,
          0.9469217990881221,
          0.9978896693764016,
          0.9435546217775612,
          0.942159473925695,
          0.9860968780893122,
          1.1562585734738153,
          0.9434144628745844,
          0.9458939287110887,
          0.9429787412850149,
          0.9430563967288579,
          0.9430252734719808,
          0.0,
          0.9265598148052215,
          1.11023088692753,
          0.9787937348997493,
          0.9427508526350512,
          0.9203105351438652
        ],
        [
          0.9874623841869993,
          0.9262020508248795,
          0.9318084702517071,
          0.9319085324748514,
          6.0061712412986665,
          0.9955773331784528,
          0.9262730430629229,
          0.9266727540044506,
          0.9287402309982391,
          0.9379449009808425,
          0.937404676910343,
          0.9272863751165853,
          2.641274452321806,
          0.92865828013864,
          0.9545638387513636,
          3.137567584778977,
          0.926286914046773,
          2.6253395419951087,
          1.7865148226737413,
          0.9263656608376866,
          0.9286366184570438,
          0.9495900228071161,
          1.1845374346143647,
          1.4089087281062516,
          0.9263425337955953,
          0.9265598148052215,
          0.0,
          2.464985013470706,
          0.9264588942437384,
          1.409978156460371,
          3.2301363855732244
        ],
        [
          1.217266384524906,
          0.9385579890156278,
          1.413777497844566,
          0.9428077470938404,
          3.105338972949694,
          0.9450774990298841,
          1.4082059666878974,
          0.9385658912153356,
          0.9506276894971412,
          0.9409869251510976,
          0.9423568201564092,
          0.938788719523382,
          1.173776414570949,
          0.939359486460103,
          0.9438403365299974,
          1.2987059550057563,
          0.9385214749726115,
          0.9423538851414671,
          1.1598976036165816,
          1.0391966561470447,
          0.9393356143431191,
          0.9426152236626285,
          1.4098220156956238,
          0.9389063881430805,
          0.9383759713541364,
          1.11023088692753,
          2.464985013470706,
          0.0,
          0.9710845961594702,
          1.1776776936797582,
          1.867438875625492
        ],
        [
          1.0688535910738728,
          0.9427619642627845,
          0.9387983480960895,
          0.942301328265365,
          0.8907221401321367,
          0.9425110168640431,
          0.942674356915546,
          0.9420249551970057,
          0.9425492263480658,
          0.944518176456667,
          0.9423506714882438,
          0.9427206561765303,
          0.941095056091816,
          0.9427308547637178,
          0.9460892783204756,
          1.3616072128792513,
          0.9427297111786405,
          0.94165264432756,
          1.0888021211130423,
          0.9622121816329992,
          0.9426933256730512,
          0.9450617443798296,
          0.9421269271359344,
          0.9422715320680995,
          0.9422141242827625,
          0.9787937348997493,
          0.9264588942437384,
          0.9710845961594702,
          0.0,
          0.9419498384070476,
          0.9198644067609875
        ],
        [
          0.9418764481062931,
          0.9425652065399736,
          0.9392094251095815,
          0.948414526433619,
          1.036372914578668,
          1.00160611402656,
          0.9431869053849959,
          1.868413164987781,
          0.9629334473667936,
          0.9445538344617549,
          0.9432191960775163,
          0.9426591290895601,
          0.9423851339181527,
          0.9427054660382916,
          0.9464278423890281,
          0.9400534071651668,
          0.9425708036691228,
          0.9434882526761795,
          1.2276923396481558,
          0.9427556109591908,
          0.9426693308975288,
          0.9453007062399946,
          0.9429215525697011,
          0.9421744417865492,
          0.9421229078443772,
          0.9427508526350512,
          1.409978156460371,
          1.1776776936797582,
          0.9419498384070476,
          0.0,
          0.9215537101928826
        ],
        [
          0.9218982817533187,
          0.9202169061841536,
          8.421918776029415,
          0.9209995316246595,
          3.261660833243809,
          0.9226998448738977,
          0.9192400928345292,
          0.9200894675048791,
          0.9202290553168582,
          0.9221198239849179,
          0.9291366234454081,
          0.9204976359161431,
          0.9511804323906305,
          0.9228149453524975,
          0.9245082163845701,
          0.9239861726749758,
          0.9200485258089983,
          0.9274629579137863,
          0.9270958253690617,
          0.920242378062941,
          0.9227882184686447,
          0.9232795889076467,
          0.9188230675515892,
          0.9207548451374715,
          0.9200022603802067,
          0.9203105351438652,
          3.2301363855732244,
          1.867438875625492,
          0.9198644067609875,
          0.9215537101928826,
          0.0
        ]
      ]
    }
  },
  "nodes": {
    "003/XM/2010": {
      "country": "China",
      "country_confidence": {
        "China": 1.0
      },
      "country_entropy": -1.000088900581841e-12
    },
    "01011Y": {
      "country": "China",
      "country_confidence": {
        "China": 1.0
      },
      "country_entropy": -1.000088900581841e-12
    },
    "02363_Thai_02": {
      "country": "Thailand",
      "country_confidence": {
        "Thailand": 0.9999999999999999
      },
      "country_entropy": -9.99866855976916e-13
    },
    "02_0_023": {
      "country": "Viet Nam",
      "country_confidence": {
        "Viet Nam": 1.0
      },
      "country_entropy": -1.000088900581841e-12
    },
    "02_0_024": {
      "country": "Viet Nam",
      "country_confidence": {
        "Viet Nam": 0.9999999999999999
      },
      "country_entropy": -9.99866855976916e-13
    },
    "02_0_035": {
      "country": "Viet Nam",
      "country_confidence": {
        "Viet Nam": 1.0
      },
      "country_entropy": -1.000088900581841e-12
    },
    "02_0_049": {
      "country": "Viet Nam",
      "country_confidence": {
        "Viet Nam": 1.0
      },
      "country_entropy": -1.000088900581841e-12
    },
    "02_0_060": {
      "country": "Viet Nam",
      "country_confidence": {
        "Viet Nam": 1.0
      },
      "country_entropy": -1.000088900581841e-12
    },
    "02_0_065": {
      "country": "Viet Nam",
      "country_confidence": {
        "Viet Nam": 1.0
      },
      "country_entropy": -1.000088900581841e-12
    },
    "02_0_068": {
      "country": "Viet Nam",
      "country_confidence": {
        "Viet Nam": 1.0
      },
      "country_entropy": -1.000088900581841e-12
    },
    "02_0_070": {
      "country": "Viet Nam",
      "country_confidence": {
        "Viet Nam": 1.0
      },
      "country_entropy": -1.000088900581841e-12
    },
    "02_0_071": {
      "country": "Viet Nam",
      "country_confidence": {
        "Viet Nam": 1.0
      },
      "country_entropy": -1.000088900581841e-12
    },
    "02_0_072": {
      "country": "Viet Nam",
      "country_confidence": {
        "Viet Nam": 1.0
      },
      "country_entropy": -1.000088900581841e-12
    },
    "02_0_079": {
      "country": "Viet Nam",
      "country_confidence": {
        "Viet Nam": 0.9999999999999999
      },
      "country_entropy": -9.99866855976916e-13
    },
    "02_0_083": {
      "country": "Viet Nam",
      "country_confidence": {
        "Viet Nam": 1.0
      },
      "country_entropy": -1.000088900581841e-12
    },
    "02_0_090": {
      "country": "Viet Nam",
      "country_confidence": {
        "Viet Nam": 1.0
      },
      "country_entropy": -1.000088900581841e-12
    },
    "02_1_005": {
      "country": "Viet Nam",
      "country_confidence": {
        "Viet Nam": 0.9999999999999999
      },
      "country_entropy": -9.99866855976916e-13
    },
    "02_1_008": {
      "country": "Viet Nam",
      "country_confidence": {
        "Viet Nam": 0.9999999999999999
      },
      "country_entropy": -9.99866855976916e-13
    },
    "02_1_042": {
      "country": "Viet Nam",
      "country_confidence": {
        "Viet Nam": 1.0
      },
      "country_entropy": -1.000088900581841e-12
    },
    "02_1_043": {
      "country": "Viet Nam",
      "country_confidence": {
        "Viet Nam": 1.0
      },
      "country_entropy": -1.000088900581841e-12
    },
    "02_1_055": {
      "country": "Viet Nam",
      "country_confidence": {
        "Viet Nam": 0.9999999999999999
      },
      "country_entropy": -9.99866855976916e-13
    },
    "02_1_065": {
      "country": "Viet Nam",
      "country_confidence": {
        "Viet Nam": 0.9999999999999999
      },
      "country_entropy": -9.99866855976916e-13
    },
    "02_1_067": {
      "country": "Viet Nam",
      "country_confidence": {
        "Viet Nam": 1.0
      },
      "country_entropy": -1.000088900581841e-12
    },
    "03_0_002": {
      "country": "Viet Nam",
      "country_confidence": {
        "Viet Nam": 1.0
      },
      "country_entropy": -1.000088900581841e-12
    },
    "03_0_003": {
      "country": "Viet Nam",
      "country_confidence": {
        "Viet Nam": 1.0
      },
      "country_entropy": -1.000088900581841e-12
    },
    "03_KOR_00": {
      "country": "South Korea",
      "country_confidence": {
        "South Korea": 1.0
      },
      "country_entropy": -1.000088900581841e-12
    },
    "06_KOR_00": {
      "country": "South Korea",
      "country_confidence": {
        "South Korea": 1.0
      },
      "country_entropy": -1.000088900581841e-12
    },
    "0964/SYD/98": {
      "country": "Australia",
      "country_confidence": {
        "Australia": 0.9999999999999999
      },
      "country_entropy": -9.99866855976916e-13
    },
    "1/SHENZHEN/08/China/HFMD/2008": {
      "country": "China",
      "country_confidence": {
        "China": 0.9999999999999999
      },
      "country_entropy": -9.99866855976916e-13
    },
    "100_p0": {
      "country": "China",
      "country_confidence": {
        "China": 1.0
      },
      "country_entropy": -1.000088900581841e-12
    },
    "100_p12": {
      "country": "China",
      "country_confidence": {
        "China": 1.0
      },
      "country_entropy": -1.000088900581841e-12
    },
    "100_p17_T1": {
      "country": "China",
      "country_confidence": {
        "China": 1.0
      },
      "country_entropy": -1.000088900581841e-12
    },
    "100_p17_T2": {
      "country": "China",
      "country_confidence": {
        "China": 1.0
      },
      "country_entropy": -1.000088900581841e-12
    },
    "100_p17_T3": {
      "country": "China",
      "country_confidence": {
        "China": 1.0
      },
      "country_entropy": -1.000088900581841e-12
    },
    "100_p31_T1": {
      "country": "China",
      "country_confidence": {
        "China": 0.9999999999999999
      },
      "country_entropy": -9.99866855976916e-13
    },
    "100_p31_T2": {
      "country": "China",
      "country_confidence": {
        "China": 1.0
      },
      "country_entropy": -1.000088900581841e-12
    },
    "100_p31_T3": {
      "country": "China",
      "country_confidence": {
        "China": 1.0
      },
      "country_entropy": -1.000088900581841e-12
    },
    "100_p35_T1": {
      "country": "China",
      "country_confidence": {
        "China": 1.0
      },
      "country_entropy": -1.000088900581841e-12
    },
    "100_p35_T2": {
      "country": "China",
      "country_confidence": {
        "China": 1.0
      },
      "country_entropy": -1.000088900581841e-12
    },
    "100_p35_T3": {
      "country": "China",
      "country_confidence": {
        "China": 1.0
      },
      "country_entropy": -1.000088900581841e-12
    },
    "100_p36_T1": {
      "country": "China",
      "country_confidence": {
        "China": 1.0
      },
      "country_entropy": -1.000088900581841e-12
    },
    "100_p36_T2": {
      "country": "China",
      "country_confidence": {
        "China": 0.9999999999999999
      },
      "country_entropy": -9.99866855976916e-13
    },
    "100_p36_T3": {
      "country": "China",
      "country_confidence": {
        "China": 1.0
      },
      "country_entropy": -1.000088900581841e-12
    },
    "10118": {
      "country": "Netherlands",
      "country_confidence": {
        "Netherlands": 1.0
      },
      "country_entropy": -1.000088900581841e-12
    },
    "10196": {
      "country": "Netherlands",
      "country_confidence": {
        "Netherlands": 1.0
      },
      "country_entropy": -1.000088900581841e-12
    },
    "101_p0": {
      "country": "China",
      "country_confidence": {
        "China": 1.0
      },
      "country_entropy": -1.000088900581841e-12
    },
    "101_p12": {
      "country": "China",
      "country_confidence": {
        "China": 1.0
      },
      "country_entropy": -1.000088900581841e-12
    },
    "101_p17_T1": {
      "country": "China",
      "country_confidence": {
        "China": 1.0
      },
      "country_entropy": -1.000088900581841e-12
    },
    "101_p17_T2": {
      "country": "China",
      "country_confidence": {
        "China": 1.0
      },
      "country_entropy": -1.000088900581841e-12
    },
    "101_p17_T3": {
      "country": "China",
      "country_confidence": {
        "China": 1.0
      },
      "country_entropy": -1.000088900581841e-12
    },
    "101_p31_T1": {
      "country": "China",
      "country_confidence": {
        "China": 1.0
      },
      "country_entropy": -1.000088900581841e-12
    },
    "101_p31_T2": {
      "country": "China",
      "country_confidence": {
        "China": 0.9999999999999999
      },
      "country_entropy": -9.99866855976916e-13
    },
    "101_p31_T3": {
      "country": "China",
      "country_confidence": {
        "China": 1.0
      },
      "country_entropy": -1.000088900581841e-12
    },
    "101_p35_T1": {
      "country": "China",
      "country_confidence": {
        "China": 1.0
      },
      "country_entropy": -1.000088900581841e-12
    },
    "101_p35_T2": {
      "country": "China",
      "country_confidence": {
        "China": 1.0
      },
      "country_entropy": -1.000088900581841e-12
    },
    "101_p35_T3": {
      "country": "China",
      "country_confidence": {
        "China": 1.0
      },
      "country_entropy": -1.000088900581841e-12
    },
    "101_p36_T1": {
