{
  "generated_by": {
    "program": "augur",
    "version": "13.0.2"
  },
  "models": {
    "country": {
      "alphabet": [
        "Australia",
        "Austria",
        "Azerbaijan",
        "Brunei",
        "Cambodia",
        "Cameroon",
        "China",
        "Croatia",
        "Finland",
        "France",
        "Georgia",
        "Germany",
        "Guinea",
        "Hong Kong",
        "Hungary",
        "India",
        "Indonesia",
        "Italy",
        "Japan",
        "Kazakhstan",
        "Malaysia",
        "Mauritania",
        "Na",
        "Netherlands",
        "Niger",
        "Norway",
        "Peru",
        "Philippines",
        "Poland",
        "Russia",
        "Senegal",
        "Singapore",
        "South Korea",
        "Spain",
        "Taiwan",
        "Thailand",
        "Tunisia",
        "United Kingdom",
        "Usa",
        "Viet Nam",
        "?"
      ],
      "equilibrium_probabilities": [
        0.026081786619900512,
        0.028930264118917217,
        0.028510113996890386,
        0.029341861526797252,
        0.02681477792749625,
        0.028888122812375662,
        0.019488299903919787,
        0.02908013679805895,
        0.027695358557716772,
        0.020787391468297285,
        0.029276486820498184,
        0.021474701046782646,
        0.02867836337687514,
        0.013094076864660695,
        0.0293075862029641,
        0.029312893403325053,
        0.028620347694145724,
        0.029576562999521938,
        0.014696275981765103,
        0.029182502443371786,
        0.01847859467132642,
        0.028960491477037935,
        0.01555844353507576,
        0.01751278828327219,
        0.02903921525532995,
        0.02907119636767275,
        0.028646529388085845,
        0.02789826722071897,
        0.02612150572087888,
        0.017390670778225252,
        0.029155874941303075,
        0.028920306727951463,
        0.02556697536334625,
        0.029151814312567637,
        0.01005321643358145,
        0.02160153615701495,
        0.026916566330709924,
        0.029841346343810454,
        0.02529263652234702,
        0.01598411360546346
      ],
      "rate": 11.214776905328856,
      "transition_matrix": [
        [
          0.0,
          0.9290659947765544,
          0.9293725390491406,
          0.9283153881029431,
          0.9289798072239577,
          0.931299500049056,
          0.8276387693018076,
          0.9289754041282895,
          0.9284629228955743,
          0.9234766905555506,
          0.929065693282899,
          0.9235369524286328,
          0.9295612480521397,
          0.9283709896318827,
          0.9296524972186365,
          0.9177489486742666,
          0.9286970146165415,
          0.9288920593271585,
          0.9164634709985193,
          0.9290156550518576,
          0.9189705949875155,
          0.9294793989663411,
          2.3728488227378755,
          1.7260050483529614,
          0.9312379979814532,
          0.9290809859445132,
          0.9287103314836954,
          0.9270925538387769,
          0.928723233322654,
          0.9255563240250247,
          0.9293629116505138,
          0.9271317015697157,
          0.928467027805109,
          0.9289862082203143,
          0.9074300960922416,
          0.9191824158164779,
          0.9288992359393232,
          0.9287905467156141,
          0.929083919096665,
          0.8972030587525563
        ],
        [
          0.9290659947765544,
          0.0,
          0.9295902987300663,
          0.9285445460341997,
          0.9292562013077387,
          0.9309368616265493,
          0.8183006968539759,
          0.9292995071980992,
          0.9287598167709264,
          0.9232857470318503,
          0.9294006950982323,
          1.2939442371063297,
          0.9296306244082372,
          0.9284159051321698,
          0.9295208127881825,
          0.9156983393320541,
          0.9289620406879218,
          0.9291918758358807,
          1.0366684575473564,
          0.9293243885933951,
          0.9179533866936244,
          0.9295883830346376,
          0.9034057274112904,
          0.9086094486271473,
          0.9309893448750634,
          0.9293723311252804,
          0.9289504677921874,
          0.9271552576608009,
          0.9290035933016392,
          0.9250975630962295,
          0.9295411660916281,
          0.9272166928569382,
          0.9287263252189522,
          0.9293026693277137,
          0.9039206997020125,
          0.9180579669147794,
          0.9291901322500293,
          0.9290824694642735,
          0.9293535882021623,
          0.8939377044739995
        ],
        [
          0.9293725390491406,
          0.9295902987300663,
          0.0,
          0.9286728973325974,
          0.9293649262597469,
          0.9314513107418728,
          0.8197000367922368,
          0.9295081627336303,
          0.9294101459383006,
          0.9380224976224226,
          0.929539901609884,
          1.0941072418874491,
          0.929903732797731,
          0.9284904153917459,
          0.9301337054955274,
          0.9870248569969445,
          0.9290800783526816,
          0.9293267829749541,
          0.9137626848358977,
          0.9294408035719707,
          0.9181562018231453,
          0.9298207841175112,
          0.9046322691132521,
          1.1803081030961118,
          0.931427651184914,
          0.9295060435239428,
          0.9291005197921097,
          0.92732969792182,
          0.9292770082908964,
          0.9255620703076789,
          0.9297314911184518,
          0.9273695861102865,
          0.9287855279524907,
          0.9295707008039283,
          0.9044606595702229,
          0.9200197449641658,
          0.929395730381493,
          0.9292125920709037,
          0.9294556294598719,
          0.894571298390874
        ],
        [
          0.9283153881029431,
          0.9285445460341997,
          0.9286728973325974,
          0.0,
          0.9284828160084418,
          0.9301512890988612,
          0.8160912248252653,
          0.9284403059592068,
          0.927869550925865,
          0.9222526189327651,
          0.9285385098554504,
          0.9222173074710812,
          0.9288088597386871,
          0.9280328262331717,
          0.9286820423375467,
          0.9146351846465013,
          0.9287580997583182,
          0.9283383424027896,
          0.9120545647349603,
          0.9284838935489693,
          6.444506808578294,
          0.928758229167062,
          1.3539709437818748,
          0.9076229926415252,
          0.9301992483058582,
          0.9285342727052065,
          0.9281201666945701,
          0.9262550295784447,
          0.9282058190453687,
          0.9245433274232308,
          0.9287046624284861,
          1.383006268482592,
          0.9279270034465675,
          0.928404751708133,
          0.9034956833727589,
          0.91757899684258,
          0.9283885491704965,
          0.9282199642161455,
          0.928625054451466,
          0.8935647570117866
        ],
        [
          0.9289798072239577,
          0.9292562013077387,
          0.9293649262597469,
          0.9284828160084418,
          0.0,
          0.9307032931126471,
          0.8250627829254417,
          0.929164195655569,
          0.9286113259540861,
          0.9233018443563631,
          0.929258474704859,
          0.9233044765865264,
          0.9294930817021142,
          0.9284218943370004,
          0.9293649602847138,
          0.9165114391355915,
          0.9289718393629015,
          0.9290818236901461,
          0.913758441954223,
          0.9292063501019943,
          0.9187830158411819,
          0.9294527918108897,
          0.905116052749349,
          0.9097542466421029,
          0.9307504889220656,
          0.9292521686701896,
          0.9289503950727327,
          0.9271349983059445,
          0.9288842661705033,
          0.9253158403582041,
          0.9294080030674022,
          0.9272383535940645,
          0.928616858853387,
          0.929136728017674,
          0.9057057521282179,
          0.9188192405343556,
          0.9290700229391329,
          0.9289793118215599,
          0.929249657251009,
          2.2423833565043094
        ],
        [
          0.931299500049056,
          0.9309368616265493,
          0.9314513107418728,
          0.9301512890988612,
          0.9307032931126471,
          0.0,
          0.8192426000360702,
          0.9308518992986683,
          0.9309426291610052,
          0.9280382764232209,
          0.9309565116442919,
          0.9261181839708457,
          0.9315496024201819,
          0.9291899034517315,
          0.931622619090274,
          0.9586067946206187,
          0.9304915497458159,
          0.9308399498030234,
          0.9145481977328469,
          0.9308925837943789,
          0.9190571695184391,
          0.9313934979322932,
          0.9068384517941487,
          1.088613337154276,
          1.3000344033467512,
          0.9309701326278547,
          0.9305585580062176,
          0.9289187666720921,
          0.9303933010806332,
          0.9266405231668899,
          0.9312560844617728,
          0.9288666800592966,
          0.9300650349163306,
          0.9311321803771978,
          0.90503485920412,
          0.9200235633645414,
          0.930642411839854,
          0.9307175619664225,
          0.930716954668825,
          0.8951464187838786
        ],
        [
          0.8276387693018076,
          0.8183006968539759,
          0.8197000367922368,
          0.8160912248252653,
          0.8250627829254417,
          0.8192426000360702,
          0.0,
          0.8173109584983502,
          0.8219629655315351,
          1.5003085647944119,
          0.8167246132242517,
          2.533048349631741,
          0.8189212737552478,
          5.887483090142309,
          0.8187307133312846,
          0.810915795850913,
          0.8189446842664565,
          0.8156663962808646,
          4.879606722880994,
          0.8169933564047143,
          1.2804276942592405,
          0.8179234184975457,
          3.9740823356159902,
          1.2660423132575873,
          0.818677859956357,
          0.8174790536332066,
          0.8189153027244174,
          0.8206209550792238,
          1.2409685077590178,
          3.860101105124375,
          0.8172161210525406,
          0.8172015970508391,
          1.244985236314132,
          0.8172982307493133,
          5.548272707390031,
          1.9547615767702458,
          1.0741673170457302,
          0.8146785157334183,
          1.2455619029430933,
          4.06657343213473
        ],
        [
          0.9289754041282895,
          0.9292995071980992,
          0.9295081627336303,
          0.9284403059592068,
          0.929164195655569,
          0.9308518992986683,
          0.8173109584983502,
          0.0,
          0.928609117371544,
          0.9228559716375717,
          0.929298514731944,
          1.3843417245573377,
          0.92953487933087,
          0.9283545697286977,
          0.9293807760053595,
          0.915545276290529,
          0.9288628190275187,
          0.9290901981696417,
          0.9125191010610773,
          0.9292247738414232,
          0.9177840919273875,
          0.9294916020726511,
          0.9031269206130852,
          0.9081788171667293,
          0.9309038468260266,
          0.9292730161891355,
          0.9288504098127339,
          0.9269770875281539,
          0.9288741010928382,
          0.9249946905358979,
          0.929443335878686,
          0.9270896077571955,
          0.9285812022217723,
          0.9291573920390845,
          0.9037473673955492,
          0.917903375761724,
          0.9290802534843752,
          0.9289794443058678,
          0.9292671278306697,
          0.8936998489760569
        ],
        [
          0.9284629228955743,
          0.9287598167709264,
          0.9294101459383006,
          0.927869550925865,
          0.9286113259540861,
          0.9309426291610052,
          0.8219629655315351,
          0.928609117371544,
          0.0,
          1.2818703526440727,
          1.3450350224796472,
          1.7322416876852929,
          0.9291926625004682,
          0.9281695214322433,
          0.9293109894591273,
          0.9168560392923022,
          0.9283158294293055,
          0.9284995484165838,
          0.9315334421809798,
          0.9286203481025304,
          0.9179996041990198,
          0.9291000715543606,
          0.9048412523147711,
          1.6831418334240924,
          0.9308816599954659,
          0.9287200886762568,
          0.9283552365605169,
          0.9267310572606249,
          0.928412089223703,
          0.9340602538568548,
          0.9289771893889501,
          0.926636277679423,
          0.9280878952319758,
          0.934725570517483,
          0.9049935149481061,
          0.9184324132331156,
          0.9286580100668984,
          1.3923315799592864,
          0.9287412213610796,
          1.3426209157713154
        ],
        [
          0.9234766905555506,
          0.9232857470318503,
          0.9380224976224226,
          0.9222526189327651,
          0.9233018443563631,
          0.9280382764232209,
          1.5003085647944119,
          0.9228559716375717,
          1.2818703526440727,
          0.0,
          0.9230723484570315,
          5.739238706087232,
          0.9246094127993397,
          1.1319351153281019,
          0.9279222351238657,
          0.9343441930218345,
          0.9226924116849967,
          1.8454412705029737,
          1.978020414987361,
          0.922821980878759,
          0.917571506964851,
          0.9242761046942579,
          1.3945728667771475,
          7.52326840255392,
          0.9274066070345526,
          0.9280331788236649,
          0.9295375705339631,
          0.9233669742294359,
          0.9259192996120342,
          2.357178437218482,
          0.923799978237715,
          1.1251531767155678,
          0.9232738430901153,
          0.9571049111709137,
          0.9132430700080606,
          2.136395652009409,
          1.883524190761374,
          1.3877238884132328,
          0.9237430411592973,
          0.9072895378701659
        ],
        [
          0.929065693282899,
          0.9294006950982323,
          0.929539901609884,
          0.9285385098554504,
          0.929258474704859,
          0.9309565116442919,
          0.8167246132242517,
          0.929298514731944,
          1.3450350224796472,
          0.9230723484570315,
          0.0,
          1.0270469684211183,
          0.9296376396457082,
          0.9283944656086811,
          0.9295164837666702,
          0.9155001366567527,
          0.9289611350114709,
          0.9291939002487295,
          0.9124614666064895,
          0.9293279122228431,
          0.9177702419533658,
          0.9295949915539663,
          0.9030063681066385,
          0.9081272546561187,
          0.9310097585631043,
          0.9293747764141653,
          0.9289475878301151,
          0.9270595977277902,
          0.928992664803793,
          0.9250474954715447,
          0.9295472708882209,
          0.9271766845390271,
          0.9286669213752499,
          0.9292711550670302,
          0.9036111610991356,
          0.9178992864797046,
          0.9291842439372016,
          0.929101999789177,
          0.9293567191944131,
          0.8935276674157685
        ],
        [
          0.9235369524286328,
          1.2939442371063297,
          1.0941072418874491,
          0.9222173074710812,
          0.9233044765865264,
          0.9261181839708457,
          2.533048349631741,
          1.3843417245573377,
          1.7322416876852929,
          5.739238706087232,
          1.0270469684211183,
          0.0,
          0.9238501022670467,
          0.9261055123077133,
          1.8483448925298085,
          1.0069044353775942,
          0.9226853542879749,
          0.922744357544928,
          2.6499907429706546,
          0.9228240787730113,
          0.9171140530921688,
          0.9236318337694542,
          0.9091590244099105,
          3.8743053757490404,
          0.9258057511204726,
          0.9280800378577213,
          0.9291991420550374,
          0.9223913835631955,
          1.8509235385638727,
          1.7497195113865718,
          0.9233657285089731,
          0.9216587072355162,
          0.923279170844547,
          1.2807832907632413,
          0.9101694589691031,
          1.257595198445166,
          1.3818455411621497,
          0.9233368578227947,
          0.923709950077027,
          0.9063937776070624
        ],
        [
          0.9295612480521397,
          0.9296306244082372,
          0.929903732797731,
          0.9288088597386871,
          0.9294930817021142,
          0.9315496024201819,
          0.8189212737552478,
          0.92953487933087,
          0.9291926625004682,
          0.9246094127993397,
          0.9296376396457082,
          0.9238501022670467,
          0.0,
          0.9285455860283659,
          0.93002989953211,
          0.9166243550532104,
          0.9292153069494171,
          0.9294557029069267,
          0.9132807005171198,
          0.9295807805134428,
          0.9181666943663659,
          1.1858568571814823,
          0.9045164618736463,
          1.2053678095194988,
          0.9315427013690718,
          0.9296449278045468,
          0.9292365604028157,
          0.9274780321151218,
          0.9291969494694572,
          0.9254661527556887,
          1.0641342121513988,
          0.9274948265618199,
          0.9289027673863544,
          0.9296209361023133,
          0.9043820079990235,
          0.9186224448480477,
          0.9294031637986453,
          0.9293477994856603,
          0.929576523298563,
          0.8944492852418563
        ],
        [
          0.9283709896318827,
          0.9284159051321698,
          0.9284904153917459,
          0.9280328262331717,
          0.9284218943370004,
          0.9291899034517315,
          5.887483090142309,
          0.9283545697286977,
          0.9281695214322433,
          1.1319351153281019,
          0.9283944656086811,
          0.9261055123077133,
          0.9285455860283659,
          0.0,
          0.9285317371788308,
          0.9222204752565084,
          0.9282300955614516,
          0.9283321972067609,
          1.220555725946088,
          0.9283717643631889,
          0.9237219807515895,
          0.9285139613512097,
          0.9174543311814201,
          0.9629977074821191,
          0.9291994713880035,
          0.9284138972697585,
          0.928235884103259,
          0.927451779371759,
          0.9283286314153065,
          0.9269745100383746,
          0.9284809322947182,
          1.371819373640713,
          0.9282404406912665,
          0.9283691681452195,
          0.917561878034021,
          1.0848954709183705,
          0.9287184537601851,
          0.9282569832537476,
          0.9285305851053255,
          0.9126993879950487
        ],
        [
          0.9296524972186365,
          0.9295208127881825,
          0.9301337054955274,
          0.9286820423375467,
          0.9293649602847138,
          0.931622619090274,
          0.8187307133312846,
          0.9293807760053595,
          0.9293109894591273,
          0.9279222351238657,
          0.9295164837666702,
          1.8483448925298085,
          0.93002989953211,
          0.9285317371788308,
          0.0,
          0.9168791037264048,
          0.9291591201606241,
          0.929301222792133,
          0.9138663652902949,
          0.9294242674408566,
          0.9188347461670829,
          0.9299037615035587,
          0.918733299761792,
          1.25385194625172,
          0.9315785904820935,
          0.9295682406776823,
          0.9292027770029495,
          0.9273653091946175,
          0.9290645403032038,
          0.9255024988944638,
          0.9297776983056046,
          0.9277100016532248,
          0.9287610091533808,
          0.9296839151519283,
          0.9412172112339623,
          0.9683414298037295,
          0.9292804100186799,
          0.9291862098739297,
          0.9294477344109131,
          0.8964511244589247
        ],
        [
          0.9177489486742666,
          0.9156983393320541,
          0.9870248569969445,
          0.9146351846465013,
          0.9165114391355915,
          0.9586067946206187,
          0.810915795850913,
          0.915545276290529,
          0.9168560392923022,
          0.9343441930218345,
          0.9155001366567527,
          1.0069044353775942,
          0.9166243550532104,
          0.9222204752565084,
          0.9168791037264048,
          0.0,
          0.9153651543903204,
          0.9151786722062956,
          0.9077714861466213,
          0.9154629747249873,
          0.9094010030965629,
          0.9162628676396546,
          1.3470152515139366,
          1.6321148848576648,
          0.9446765155328539,
          0.9156260030399475,
          0.9154670520869777,
          0.9143360612944217,
          0.9166901754641489,
          0.9178123998152459,
          0.9159577369423852,
          0.913617969250253,
          0.9165236502540054,
          0.915919393995819,
          0.9005846326037057,
          0.9110101794125954,
          0.9164565170256875,
          0.9149322344865523,
          0.9173216316959207,
          0.8871240818705413
        ],
        [
          0.9286970146165415,
          0.9289620406879218,
          0.9290800783526816,
          0.9287580997583182,
          0.9289718393629015,
          0.9304915497458159,
          0.8189446842664565,
          0.9288628190275187,
          0.9283158294293055,
          0.9226924116849967,
          0.9289611350114709,
          0.9226853542879749,
          0.9292153069494171,
          0.9282300955614516,
          0.9291591201606241,
          0.9153651543903204,
          0.0,
          0.9287700524413851,
          0.9127468692844506,
          0.9289067380273002,
          1.7179842035039692,
          0.9291693943340231,
          0.9053491216959622,
          0.9083684367779615,
          0.9305415958442775,
          0.9289539281872852,
          0.9285639626866521,
          0.9267093714182236,
          0.9285937296662096,
          0.9248747794368594,
          0.9291202328911684,
          0.9274393174136326,
          0.9283140421578653,
          0.9288279946659438,
          1.37056902150378,
          0.9187213579140159,
          0.928781601409508,
          0.9286580185255529,
          0.928991851640288,
          1.0179925481675496
        ],
        [
          0.9288920593271585,
          0.9291918758358807,
          0.9293267829749541,
          0.9283383424027896,
          0.9290818236901461,
          0.9308399498030234,
          0.8156663962808646,
          0.9290901981696417,
          0.9284995484165838,
          1.8454412705029737,
          0.9291939002487295,
          0.922744357544928,
          0.9294557029069267,
          0.9283321972067609,
          0.929301222792133,
          0.9151786722062956,
          0.9287700524413851,
          0.0,
          0.9122040032397978,
          0.9291365026615519,
          0.9175357068135216,
          0.9294109129526497,
          0.902657056545857,
          0.9077751985736153,
          0.9308911328592592,
          0.9291879317861591,
          0.9287588905845553,
          0.9268558763969212,
          0.9287884952737568,
          0.9248759121244252,
          0.9293605984714537,
          0.9270000567883651,
          0.9284926293737276,
          0.9290613944529893,
          0.903298551361295,
          0.9176728541230603,
          0.9290886145209202,
          0.9288865072253459,
          0.929190944771915,
          0.8930729268591402
        ],
        [
          0.9164634709985193,
          1.0366684575473564,
          0.9137626848358977,
          0.9120545647349603,
          0.913758441954223,
          0.9145481977328469,
          4.879606722880994,
          0.9125191010610773,
          0.9315334421809798,
          1.978020414987361,
          0.9124614666064895,
          2.6499907429706546,
          0.9132807005171198,
          1.220555725946088,
          0.9138663652902949,
          0.9077714861466213,
          0.9127468692844506,
          0.9122040032397978,
          0.0,
          0.9124362204961072,
          2.6131835351918378,
          0.9130266343400433,
          5.0538605370623255,
          3.2544198026502458,
          0.9143131256279688,
          0.9138223575797788,
          0.9143214037668376,
          2.162737482527824,
          0.9166283109975698,
          0.9238249368078151,
          0.9127806449301095,
          1.1145811514367554,
          2.3027667359820683,
          1.3789530966913195,
          1.528307507414515,
          0.9811235369572424,
          0.9142749223535476,
          0.9120172050870874,
          0.9146887799493263,
          1.364166193697959
        ],
        [
          0.9290156550518576,
          0.9293243885933951,
          0.9294408035719707,
          0.9284838935489693,
          0.9292063501019943,
          0.9308925837943789,
          0.8169933564047143,
          0.9292247738414232,
          0.9286203481025304,
          0.922821980878759,
          0.9293279122228431,
          0.9228240787730113,
          0.9295807805134428,
          0.9283717643631889,
          0.9294242674408566,
          0.9154629747249873,
          0.9289067380273002,
          0.9291365026615519,
          0.9124362204961072,
          0.0,
          0.9177725536716901,
          0.9295377978279529,
          0.9030826092596259,
          0.9080269175982633,
          0.9309452979796473,
          0.9293170090239926,
          0.9288920094417953,
          0.927012727858774,
          0.9289118248821084,
          1.387623602791327,
          0.9294898331337552,
          0.9271275652453135,
          0.9286192506270058,
          0.9291912359437926,
          0.9036728938658042,
          0.9178775991089295,
          0.9291151348073654,
          0.9290257021343421,
          0.9293072152644978,
          0.8936004585433006
        ],
        [
          0.9189705949875155,
          0.9179533866936244,
          0.9181562018231453,
          6.444506808578294,
          0.9187830158411819,
          0.9190571695184391,
          1.2804276942592405,
          0.9177840919273875,
          0.9179996041990198,
          0.917571506964851,
          0.9177702419533658,
          0.9171140530921688,
          0.9181666943663659,
          0.9237219807515895,
          0.9188347461670829,
          0.9094010030965629,
          1.7179842035039692,
          0.9175357068135216,
          2.6131835351918378,
          0.9177725536716901,
          0.0,
          0.9180291132777492,
          9.51599009791957,
          0.9145271294832088,
          0.9190224059188392,
          0.9180686769182097,
          0.9181797133028491,
          0.9170598593488217,
          0.9187520404003181,
          0.9200428108985851,
          0.9179211360036557,
          4.846476522065234,
          0.9187944247318923,
          0.9179929166401364,
          2.6008753473656494,
          4.08374186885404,
          0.9185935107240348,
          0.9173637290110166,
          0.9193190670896597,
          3.307943614882286
        ],
        [
          0.9294793989663411,
          0.9295883830346376,
          0.9298207841175112,
          0.928758229167062,
          0.9294527918108897,
          0.9313934979322932,
          0.8179234184975457,
          0.9294916020726511,
          0.9291000715543606,
          0.9242761046942579,
          0.9295949915539663,
          0.9236318337694542,
          1.1858568571814823,
          0.9285139613512097,
          0.9299037615035587,
          0.9162628676396546,
          0.9291693943340231,
          0.9294109129526497,
          0.9130266343400433,
          0.9295377978279529,
          0.9180291132777492,
          0.0,
          0.9040976183011203,
          1.0855775864763424,
          0.9314052805062434,
          0.929597211576928,
          0.9291825584095569,
          0.927387995535124,
          0.9291547886338586,
          0.925364158328652,
          1.3377438924614482,
          0.9274271743105722,
          0.9288585817304537,
          0.9295539288801027,
          0.9040809935788349,
          0.9184079273435136,
          0.9293612148548722,
          0.9293015670334798,
          0.9295393310117743,
          0.8940757238324851
        ],
        [
          2.3728488227378755,
          0.9034057274112904,
          0.9046322691132521,
          1.3539709437818748,
          0.905116052749349,
          0.9068384517941487,
          3.9740823356159902,
          0.9031269206130852,
          0.9048412523147711,
          1.3945728667771475,
          0.9030063681066385,
          0.9091590244099105,
          0.9045164618736463,
          0.9174543311814201,
          0.918733299761792,
          1.3470152515139366,
          0.9053491216959622,
          0.902657056545857,
          5.0538605370623255,
          0.9030826092596259,
          9.51599009791957,
          0.9040976183011203,
          0.0,
          6.4106306849296,
          0.9061676137228036,
          0.9032901258220057,
          0.9035773878913697,
          0.9113937724384404,
          0.9055871740968422,
          1.3728279449084773,
          0.9036675133372845,
          1.567403832434025,
          0.9060181517652438,
          0.9034530028580302,
          25.477845015105174,
          0.9111148616337549,
          0.9052877972143482,
          0.9023655921058842,
          0.9065078765983341,
          1.135175664809793
        ],
        [
          1.7260050483529614,
          0.9086094486271473,
          1.1803081030961118,
          0.9076229926415252,
          0.9097542466421029,
          1.088613337154276,
          1.2660423132575873,
          0.9081788171667293,
          1.6831418334240924,
          7.52326840255392,
          0.9081272546561187,
          3.8743053757490404,
          1.2053678095194988,
          0.9629977074821191,
          1.25385194625172,
          1.6321148848576648,
          0.9083684367779615,
          0.9077751985736153,
          3.2544198026502458,
          0.9080269175982633,
          0.9145271294832088,
          1.0855775864763424,
          6.4106306849296,
          0.0,
          1.0242376193530975,
          0.9488220971327225,
          0.9973514653617402,
          1.1728209981345925,
          0.9103052285892193,
          1.9001488208501103,
          0.9960026712060414,
          0.950391046990484,
          0.9104282469992381,
          1.1172163707373528,
          1.5812633971779888,
          1.8615284541594816,
          0.9104800939915445,
          0.9075067393961453,
          0.9108304322446523,
          1.4290919107230755
        ],
        [
          0.9312379979814532,
          0.9309893448750634,
          0.931427651184914,
          0.9301992483058582,
          0.9307504889220656,
          1.3000344033467512,
          0.818677859956357,
          0.9309038468260266,
          0.9308816599954659,
          0.9274066070345526,
          0.9310097585631043,
          0.9258057511204726,
          0.9315427013690718,
          0.9291994713880035,
          0.9315785904820935,
          0.9446765155328539,
          0.9305415958442775,
          0.9308911328592592,
          0.9143131256279688,
          0.9309452979796473,
          0.9190224059188392,
          0.9314052805062434,
          0.9061676137228036,
          1.0242376193530975,
          0.0,
          0.9310165900167315,
          0.9305966130646125,
          0.9289098846777514,
          0.9304372179383718,
          0.9265653723383596,
          0.9312839426522632,
          0.9288968442771582,
          0.930106651091501,
          0.9311395963052397,
          0.9048387422302754,
          0.9198642872418685,
          0.930689730660361,
          0.9307694782596718,
          0.9307619031050908,
          0.8949283199121009
        ],
        [
          0.9290809859445132,
          0.9293723311252804,
          0.9295060435239428,
          0.9285342727052065,
          0.9292521686701896,
          0.9309701326278547,
          0.8174790536332066,
          0.9292730161891355,
          0.9287200886762568,
          0.9280331788236649,
          0.9293747764141653,
          0.9280800378577213,
          0.9296449278045468,
          0.9284138972697585,
          0.9295682406776823,
          0.9156260030399475,
          0.9289539281872852,
          0.9291879317861591,
          0.9138223575797788,
          0.9293170090239926,
          0.9180686769182097,
          0.929597211576928,
          0.9032901258220057,
          0.9488220971327225,
          0.9310165900167315,
          0.0,
          0.9299882174816057,
          0.9270790189089644,
          0.9289585160003127,
          0.9250868835414311,
          0.9295443195317192,
          0.927258384114239,
          0.9286635852314198,
          1.287224644682913,
          0.9039657710533867,
          1.0931948954660013,
          0.9291627033765322,
          0.929075695423214,
          0.9293474529256733,
          0.8953943273231019
        ],
        [
          0.9287103314836954,
          0.9289504677921874,
          0.9291005197921097,
          0.9281201666945701,
          0.9289503950727327,
          0.9305585580062176,
          0.8189153027244174,
          0.9288504098127339,
          0.9283552365605169,
          0.9295375705339631,
          0.9289475878301151,
          0.9291991420550374,
          0.9292365604028157,
          0.928235884103259,
          0.9292027770029495,
          0.9154670520869777,
          0.9285639626866521,
          0.9287588905845553,
          0.9143214037668376,
          0.9288920094417953,
          0.9181797133028491,
          0.9291825584095569,
          0.9035773878913697,
          0.9973514653617402,
          0.9305966130646125,
          0.9299882174816057,
          0.0,
          0.9267138299184061,
          0.9285845075099326,
          0.9248937558198744,
          0.929123767760497,
          0.9268880501120406,
          0.9283020210802156,
          0.9312066622051544,
          0.9045030324276536,
          1.239868000736728,
          0.9287740591454157,
          0.9286447165182831,
          0.9289791066630123,
          0.9565902385589345
        ],
        [
          0.9270925538387769,
          0.9271552576608009,
          0.92732969792182,
          0.9262550295784447,
          0.9271349983059445,
          0.9289187666720921,
          0.8206209550792238,
          0.9269770875281539,
          0.9267310572606249,
          0.9233669742294359,
          0.9270595977277902,
          0.9223913835631955,
          0.9274780321151218,
          0.927451779371759,
          0.9273653091946175,
          0.9143360612944217,
          0.9267093714182236,
          0.9268558763969212,
          2.162737482527824,
          0.927012727858774,
          0.9170598593488217,
          0.927387995535124,
          0.9113937724384404,
          1.1728209981345925,
          0.9289098846777514,
          0.9270790189089644,
          0.9267138299184061,
          0.0,
          0.9269131246970197,
          0.9239464572743733,
          0.9272916891448524,
          0.9250634913897476,
          0.9268240224085776,
          0.9270721501470405,
          0.9042645471079618,
          0.9169765289030052,
          0.9270408235160341,
          0.9267292317991546,
          0.9273491865639939,
          0.894058797032377
        ],
        [
          0.928723233322654,
          0.9290035933016392,
          0.9292770082908964,
          0.9282058190453687,
          0.9288842661705033,
          0.9303933010806332,
          1.2409685077590178,
          0.9288741010928382,
          0.928412089223703,
          0.9259192996120342,
          0.928992664803793,
          1.8509235385638727,
          0.9291969494694572,
          0.9283286314153065,
          0.9290645403032038,
          0.9166901754641489,
          0.9285937296662096,
          0.9287884952737568,
          0.9166283109975698,
          0.9289118248821084,
          0.9187520404003181,
          0.9291547886338586,
          0.9055871740968422,
          0.9103052285892193,
          0.9304372179383718,
          0.9289585160003127,
          0.9285845075099326,
          0.9269131246970197,
          0.0,
          0.925253421852773,
          0.9291089391778911,
          0.9269996894618756,
          0.9283781780122322,
          0.928866995649752,
          0.906192923584833,
          0.9188564061876219,
          0.9288610723365548,
          0.9286852187704762,
          0.9289939682854196,
          0.8970463607205821
        ],
        [
          0.9255563240250247,
          0.9250975630962295,
          0.9255620703076789,
          0.9245433274232308,
          0.9253158403582041,
          0.9266405231668899,
          3.860101105124375,
          0.9249946905358979,
          0.9340602538568548,
          2.357178437218482,
          0.9250474954715447,
          1.7497195113865718,
          0.9254661527556887,
          0.9269745100383746,
          0.9255024988944638,
          0.9178123998152459,
          0.9248747794368594,
          0.9248759121244252,
          0.9238249368078151,
          1.387623602791327,
          0.9200428108985851,
          0.925364158328652,
          1.3728279449084773,
          1.9001488208501103,
          0.9265653723383596,
          0.9250868835414311,
          0.9248937558198744,
          0.9239464572743733,
          0.925253421852773,
          0.0,
          0.9252515480241068,
          0.9238637138344488,
          0.9251569410588395,
          0.932192880117607,
          0.9135787394336677,
          0.9197746442068322,
          0.92582654750394,
          0.924993438023239,
          0.9256005422714301,
          0.9056143455438992
        ],
        [
          0.9293629116505138,
          0.9295411660916281,
          0.9297314911184518,
          0.9287046624284861,
          0.9294080030674022,
          0.9312560844617728,
          0.8172161210525406,
          0.929443335878686,
          0.9289771893889501,
          0.923799978237715,
          0.9295472708882209,
          0.9233657285089731,
          1.0641342121513988,
          0.9284809322947182,
          0.9297776983056046,
          0.9159577369423852,
          0.9291202328911684,
          0.9293605984714537,
          0.9127806449301095,
          0.9294898331337552,
          0.9179211360036557,
          1.3377438924614482,
          0.9036675133372845,
          0.9960026712060414,
          0.9312839426522632,
          0.9295443195317192,
          0.929123767760497,
          0.9272916891448524,
          0.9291089391778911,
          0.9252515480241068,
          0.0,
          0.9273587123586066,
          0.9288118607002134,
          0.9294729308533657,
          0.9038503963830731,
          0.918209414944842,
          0.9293158828494185,
          0.9292505545695442,
          0.9294975870982698,
          0.8937936466256324
        ],
        [
          0.9271317015697157,
          0.9272166928569382,
          0.9273695861102865,
          1.383006268482592,
          0.9272383535940645,
          0.9288666800592966,
          0.8172015970508391,
          0.9270896077571955,
          0.926636277679423,
          1.1251531767155678,
          0.9271766845390271,
          0.9216587072355162,
          0.9274948265618199,
          1.371819373640713,
          0.9277100016532248,
          0.913617969250253,
          0.9274393174136326,
          0.9270000567883651,
          1.1145811514367554,
          0.9271275652453135,
