Map from character to field name
A:	Australia
B:	Austria
C:	Azerbaijan
D:	Brunei
E:	Cambodia
F:	Cameroon
G:	China
H:	Croatia
I:	Finland
J:	France
K:	Georgia
L:	Germany
M:	Guinea
N:	Hong Kong
O:	Hungary
P:	India
Q:	Indonesia
R:	Italy
S:	Japan
T:	Kazakhstan
U:	Malaysia
V:	Mauritania
W:	Na
X:	Netherlands
Y:	Niger
Z:	Norway
[:	Peru
\:	Philippines
]:	Poland
^:	Russia
_:	Senegal
`:	Singapore
a:	South Korea
b:	Spain
c:	Taiwan
d:	Thailand
e:	Tunisia
f:	United Kingdom
g:	Usa
h:	Viet Nam
i:	?


Substitution rate (mu): 11.214777

Equilibrium frequencies (pi_i):
  A: 0.0261
  B: 0.0289
  C: 0.0285
  D: 0.0293
  E: 0.0268
  F: 0.0289
  G: 0.0195
  H: 0.0291
  I: 0.0277
  J: 0.0208
  K: 0.0293
  L: 0.0215
  M: 0.0287
  N: 0.0131
  O: 0.0293
  P: 0.0293
  Q: 0.0286
  R: 0.0296
  S: 0.0147
  T: 0.0292
  U: 0.0185
  V: 0.029
  W: 0.0156
  X: 0.0175
  Y: 0.029
  Z: 0.0291
  [: 0.0286
  \: 0.0279
  ]: 0.0261
  ^: 0.0174
  _: 0.0292
  `: 0.0289
  a: 0.0256
  b: 0.0292
  c: 0.0101
  d: 0.0216
  e: 0.0269
  f: 0.0298
  g: 0.0253
  h: 0.016

Symmetrized rates from j->i (W_ij):
	A	B	C	D	E	F	G	H	I	J	K	L	M	N	O	P	Q	R	S	T	U	V	W	X	Y	Z	[	\	]	^	_	`	a	b	c	d	e	f	g	h
  A	0	0.9291	0.9294	0.9283	0.929	0.9313	0.8276	0.929	0.9285	0.9235	0.9291	0.9235	0.9296	0.9284	0.9297	0.9177	0.9287	0.9289	0.9165	0.929	0.919	0.9295	2.3728	1.726	0.9312	0.9291	0.9287	0.9271	0.9287	0.9256	0.9294	0.9271	0.9285	0.929	0.9074	0.9192	0.9289	0.9288	0.9291	0.8972
  B	0.9291	0	0.9296	0.9285	0.9293	0.9309	0.8183	0.9293	0.9288	0.9233	0.9294	1.2939	0.9296	0.9284	0.9295	0.9157	0.929	0.9292	1.0367	0.9293	0.918	0.9296	0.9034	0.9086	0.931	0.9294	0.929	0.9272	0.929	0.9251	0.9295	0.9272	0.9287	0.9293	0.9039	0.9181	0.9292	0.9291	0.9294	0.8939
  C	0.9294	0.9296	0	0.9287	0.9294	0.9315	0.8197	0.9295	0.9294	0.938	0.9295	1.0941	0.9299	0.9285	0.9301	0.987	0.9291	0.9293	0.9138	0.9294	0.9182	0.9298	0.9046	1.1803	0.9314	0.9295	0.9291	0.9273	0.9293	0.9256	0.9297	0.9274	0.9288	0.9296	0.9045	0.92	0.9294	0.9292	0.9295	0.8946
  D	0.9283	0.9285	0.9287	0	0.9285	0.9302	0.8161	0.9284	0.9279	0.9223	0.9285	0.9222	0.9288	0.928	0.9287	0.9146	0.9288	0.9283	0.9121	0.9285	6.4445	0.9288	1.354	0.9076	0.9302	0.9285	0.9281	0.9263	0.9282	0.9245	0.9287	1.383	0.9279	0.9284	0.9035	0.9176	0.9284	0.9282	0.9286	0.8936
  E	0.929	0.9293	0.9294	0.9285	0	0.9307	0.8251	0.9292	0.9286	0.9233	0.9293	0.9233	0.9295	0.9284	0.9294	0.9165	0.929	0.9291	0.9138	0.9292	0.9188	0.9295	0.9051	0.9098	0.9308	0.9293	0.929	0.9271	0.9289	0.9253	0.9294	0.9272	0.9286	0.9291	0.9057	0.9188	0.9291	0.929	0.9292	2.2424
  F	0.9313	0.9309	0.9315	0.9302	0.9307	0	0.8192	0.9309	0.9309	0.928	0.931	0.9261	0.9315	0.9292	0.9316	0.9586	0.9305	0.9308	0.9145	0.9309	0.9191	0.9314	0.9068	1.0886	1.3	0.931	0.9306	0.9289	0.9304	0.9266	0.9313	0.9289	0.9301	0.9311	0.905	0.92	0.9306	0.9307	0.9307	0.8951
  G	0.8276	0.8183	0.8197	0.8161	0.8251	0.8192	0	0.8173	0.822	1.5003	0.8167	2.533	0.8189	5.8875	0.8187	0.8109	0.8189	0.8157	4.8796	0.817	1.2804	0.8179	3.9741	1.266	0.8187	0.8175	0.8189	0.8206	1.241	3.8601	0.8172	0.8172	1.245	0.8173	5.5483	1.9548	1.0742	0.8147	1.2456	4.0666
  H	0.929	0.9293	0.9295	0.9284	0.9292	0.9309	0.8173	0	0.9286	0.9229	0.9293	1.3843	0.9295	0.9284	0.9294	0.9155	0.9289	0.9291	0.9125	0.9292	0.9178	0.9295	0.9031	0.9082	0.9309	0.9293	0.9289	0.927	0.9289	0.925	0.9294	0.9271	0.9286	0.9292	0.9037	0.9179	0.9291	0.929	0.9293	0.8937
  I	0.9285	0.9288	0.9294	0.9279	0.9286	0.9309	0.822	0.9286	0	1.2819	1.345	1.7322	0.9292	0.9282	0.9293	0.9169	0.9283	0.9285	0.9315	0.9286	0.918	0.9291	0.9048	1.6831	0.9309	0.9287	0.9284	0.9267	0.9284	0.9341	0.929	0.9266	0.9281	0.9347	0.905	0.9184	0.9287	1.3923	0.9287	1.3426
  J	0.9235	0.9233	0.938	0.9223	0.9233	0.928	1.5003	0.9229	1.2819	0	0.9231	5.7392	0.9246	1.1319	0.9279	0.9343	0.9227	1.8454	1.978	0.9228	0.9176	0.9243	1.3946	7.5233	0.9274	0.928	0.9295	0.9234	0.9259	2.3572	0.9238	1.1252	0.9233	0.9571	0.9132	2.1364	1.8835	1.3877	0.9237	0.9073
  K	0.9291	0.9294	0.9295	0.9285	0.9293	0.931	0.8167	0.9293	1.345	0.9231	0	1.027	0.9296	0.9284	0.9295	0.9155	0.929	0.9292	0.9125	0.9293	0.9178	0.9296	0.903	0.9081	0.931	0.9294	0.9289	0.9271	0.929	0.925	0.9295	0.9272	0.9287	0.9293	0.9036	0.9179	0.9292	0.9291	0.9294	0.8935
  L	0.9235	1.2939	1.0941	0.9222	0.9233	0.9261	2.533	1.3843	1.7322	5.7392	1.027	0	0.9239	0.9261	1.8483	1.0069	0.9227	0.9227	2.65	0.9228	0.9171	0.9236	0.9092	3.8743	0.9258	0.9281	0.9292	0.9224	1.8509	1.7497	0.9234	0.9217	0.9233	1.2808	0.9102	1.2576	1.3818	0.9233	0.9237	0.9064
  M	0.9296	0.9296	0.9299	0.9288	0.9295	0.9315	0.8189	0.9295	0.9292	0.9246	0.9296	0.9239	0	0.9285	0.93	0.9166	0.9292	0.9295	0.9133	0.9296	0.9182	1.1859	0.9045	1.2054	0.9315	0.9296	0.9292	0.9275	0.9292	0.9255	1.0641	0.9275	0.9289	0.9296	0.9044	0.9186	0.9294	0.9293	0.9296	0.8944
  N	0.9284	0.9284	0.9285	0.928	0.9284	0.9292	5.8875	0.9284	0.9282	1.1319	0.9284	0.9261	0.9285	0	0.9285	0.9222	0.9282	0.9283	1.2206	0.9284	0.9237	0.9285	0.9175	0.963	0.9292	0.9284	0.9282	0.9275	0.9283	0.927	0.9285	1.3718	0.9282	0.9284	0.9176	1.0849	0.9287	0.9283	0.9285	0.9127
  O	0.9297	0.9295	0.9301	0.9287	0.9294	0.9316	0.8187	0.9294	0.9293	0.9279	0.9295	1.8483	0.93	0.9285	0	0.9169	0.9292	0.9293	0.9139	0.9294	0.9188	0.9299	0.9187	1.2539	0.9316	0.9296	0.9292	0.9274	0.9291	0.9255	0.9298	0.9277	0.9288	0.9297	0.9412	0.9683	0.9293	0.9292	0.9294	0.8965
  P	0.9177	0.9157	0.987	0.9146	0.9165	0.9586	0.8109	0.9155	0.9169	0.9343	0.9155	1.0069	0.9166	0.9222	0.9169	0	0.9154	0.9152	0.9078	0.9155	0.9094	0.9163	1.347	1.6321	0.9447	0.9156	0.9155	0.9143	0.9167	0.9178	0.916	0.9136	0.9165	0.9159	0.9006	0.911	0.9165	0.9149	0.9173	0.8871
  Q	0.9287	0.929	0.9291	0.9288	0.929	0.9305	0.8189	0.9289	0.9283	0.9227	0.929	0.9227	0.9292	0.9282	0.9292	0.9154	0	0.9288	0.9127	0.9289	1.718	0.9292	0.9053	0.9084	0.9305	0.929	0.9286	0.9267	0.9286	0.9249	0.9291	0.9274	0.9283	0.9288	1.3706	0.9187	0.9288	0.9287	0.929	1.018
  R	0.9289	0.9292	0.9293	0.9283	0.9291	0.9308	0.8157	0.9291	0.9285	1.8454	0.9292	0.9227	0.9295	0.9283	0.9293	0.9152	0.9288	0	0.9122	0.9291	0.9175	0.9294	0.9027	0.9078	0.9309	0.9292	0.9288	0.9269	0.9288	0.9249	0.9294	0.927	0.9285	0.9291	0.9033	0.9177	0.9291	0.9289	0.9292	0.8931
  S	0.9165	1.0367	0.9138	0.9121	0.9138	0.9145	4.8796	0.9125	0.9315	1.978	0.9125	2.65	0.9133	1.2206	0.9139	0.9078	0.9127	0.9122	0	0.9124	2.6132	0.913	5.0539	3.2544	0.9143	0.9138	0.9143	2.1627	0.9166	0.9238	0.9128	1.1146	2.3028	1.379	1.5283	0.9811	0.9143	0.912	0.9147	1.3642
  T	0.929	0.9293	0.9294	0.9285	0.9292	0.9309	0.817	0.9292	0.9286	0.9228	0.9293	0.9228	0.9296	0.9284	0.9294	0.9155	0.9289	0.9291	0.9124	0	0.9178	0.9295	0.9031	0.908	0.9309	0.9293	0.9289	0.927	0.9289	1.3876	0.9295	0.9271	0.9286	0.9292	0.9037	0.9179	0.9291	0.929	0.9293	0.8936
  U	0.919	0.918	0.9182	6.4445	0.9188	0.9191	1.2804	0.9178	0.918	0.9176	0.9178	0.9171	0.9182	0.9237	0.9188	0.9094	1.718	0.9175	2.6132	0.9178	0	0.918	9.516	0.9145	0.919	0.9181	0.9182	0.9171	0.9188	0.92	0.9179	4.8465	0.9188	0.918	2.6009	4.0837	0.9186	0.9174	0.9193	3.3079
  V	0.9295	0.9296	0.9298	0.9288	0.9295	0.9314	0.8179	0.9295	0.9291	0.9243	0.9296	0.9236	1.1859	0.9285	0.9299	0.9163	0.9292	0.9294	0.913	0.9295	0.918	0	0.9041	1.0856	0.9314	0.9296	0.9292	0.9274	0.9292	0.9254	1.3377	0.9274	0.9289	0.9296	0.9041	0.9184	0.9294	0.9293	0.9295	0.8941
  W	2.3728	0.9034	0.9046	1.354	0.9051	0.9068	3.9741	0.9031	0.9048	1.3946	0.903	0.9092	0.9045	0.9175	0.9187	1.347	0.9053	0.9027	5.0539	0.9031	9.516	0.9041	0	6.4106	0.9062	0.9033	0.9036	0.9114	0.9056	1.3728	0.9037	1.5674	0.906	0.9035	25.4778	0.9111	0.9053	0.9024	0.9065	1.1352
  X	1.726	0.9086	1.1803	0.9076	0.9098	1.0886	1.266	0.9082	1.6831	7.5233	0.9081	3.8743	1.2054	0.963	1.2539	1.6321	0.9084	0.9078	3.2544	0.908	0.9145	1.0856	6.4106	0	1.0242	0.9488	0.9974	1.1728	0.9103	1.9001	0.996	0.9504	0.9104	1.1172	1.5813	1.8615	0.9105	0.9075	0.9108	1.4291
  Y	0.9312	0.931	0.9314	0.9302	0.9308	1.3	0.8187	0.9309	0.9309	0.9274	0.931	0.9258	0.9315	0.9292	0.9316	0.9447	0.9305	0.9309	0.9143	0.9309	0.919	0.9314	0.9062	1.0242	0	0.931	0.9306	0.9289	0.9304	0.9266	0.9313	0.9289	0.9301	0.9311	0.9048	0.9199	0.9307	0.9308	0.9308	0.8949
  Z	0.9291	0.9294	0.9295	0.9285	0.9293	0.931	0.8175	0.9293	0.9287	0.928	0.9294	0.9281	0.9296	0.9284	0.9296	0.9156	0.929	0.9292	0.9138	0.9293	0.9181	0.9296	0.9033	0.9488	0.931	0	0.93	0.9271	0.929	0.9251	0.9295	0.9273	0.9287	1.2872	0.904	1.0932	0.9292	0.9291	0.9293	0.8954
  [	0.9287	0.929	0.9291	0.9281	0.929	0.9306	0.8189	0.9289	0.9284	0.9295	0.9289	0.9292	0.9292	0.9282	0.9292	0.9155	0.9286	0.9288	0.9143	0.9289	0.9182	0.9292	0.9036	0.9974	0.9306	0.93	0	0.9267	0.9286	0.9249	0.9291	0.9269	0.9283	0.9312	0.9045	1.2399	0.9288	0.9286	0.929	0.9566
  \	0.9271	0.9272	0.9273	0.9263	0.9271	0.9289	0.8206	0.927	0.9267	0.9234	0.9271	0.9224	0.9275	0.9275	0.9274	0.9143	0.9267	0.9269	2.1627	0.927	0.9171	0.9274	0.9114	1.1728	0.9289	0.9271	0.9267	0	0.9269	0.9239	0.9273	0.9251	0.9268	0.9271	0.9043	0.917	0.927	0.9267	0.9273	0.8941
  ]	0.9287	0.929	0.9293	0.9282	0.9289	0.9304	1.241	0.9289	0.9284	0.9259	0.929	1.8509	0.9292	0.9283	0.9291	0.9167	0.9286	0.9288	0.9166	0.9289	0.9188	0.9292	0.9056	0.9103	0.9304	0.929	0.9286	0.9269	0	0.9253	0.9291	0.927	0.9284	0.9289	0.9062	0.9189	0.9289	0.9287	0.929	0.897
  ^	0.9256	0.9251	0.9256	0.9245	0.9253	0.9266	3.8601	0.925	0.9341	2.3572	0.925	1.7497	0.9255	0.927	0.9255	0.9178	0.9249	0.9249	0.9238	1.3876	0.92	0.9254	1.3728	1.9001	0.9266	0.9251	0.9249	0.9239	0.9253	0	0.9253	0.9239	0.9252	0.9322	0.9136	0.9198	0.9258	0.925	0.9256	0.9056
  _	0.9294	0.9295	0.9297	0.9287	0.9294	0.9313	0.8172	0.9294	0.929	0.9238	0.9295	0.9234	1.0641	0.9285	0.9298	0.916	0.9291	0.9294	0.9128	0.9295	0.9179	1.3377	0.9037	0.996	0.9313	0.9295	0.9291	0.9273	0.9291	0.9253	0	0.9274	0.9288	0.9295	0.9039	0.9182	0.9293	0.9293	0.9295	0.8938
  `	0.9271	0.9272	0.9274	1.383	0.9272	0.9289	0.8172	0.9271	0.9266	1.1252	0.9272	0.9217	0.9275	1.3718	0.9277	0.9136	0.9274	0.927	1.1146	0.9271	4.8465	0.9274	1.5674	0.9504	0.9289	0.9273	0.9269	0.9251	0.927	0.9239	0.9274	0	0.9268	0.9271	1.5727	1.4594	0.9272	0.9269	0.9274	1.3403
  a	0.9285	0.9287	0.9288	0.9279	0.9286	0.9301	1.245	0.9286	0.9281	0.9233	0.9287	0.9233	0.9289	0.9282	0.9288	0.9165	0.9283	0.9285	2.3028	0.9286	0.9188	0.9289	0.906	0.9104	0.9301	0.9287	0.9283	0.9268	0.9284	0.9252	0.9288	0.9268	0	0.9286	0.9066	0.9189	0.9286	0.9284	0.9287	0.8976
  b	0.929	0.9293	0.9296	0.9284	0.9291	0.9311	0.8173	0.9292	0.9347	0.9571	0.9293	1.2808	0.9296	0.9284	0.9297	0.9159	0.9288	0.9291	1.379	0.9292	0.918	0.9296	0.9035	1.1172	0.9311	1.2872	0.9312	0.9271	0.9289	0.9322	0.9295	0.9271	0.9286	0	0.9041	1.1784	0.9291	0.9289	0.9292	0.8967
  c	0.9074	0.9039	0.9045	0.9035	0.9057	0.905	5.5483	0.9037	0.905	0.9132	0.9036	0.9102	0.9044	0.9176	0.9412	0.9006	1.3706	0.9033	1.5283	0.9037	2.6009	0.9041	25.4778	1.5813	0.9048	0.904	0.9045	0.9043	0.9062	0.9136	0.9039	1.5727	0.9066	0.9041	0	1.6683	0.9057	0.903	0.907	3.4943
  d	0.9192	0.9181	0.92	0.9176	0.9188	0.92	1.9548	0.9179	0.9184	2.1364	0.9179	1.2576	0.9186	1.0849	0.9683	0.911	0.9187	0.9177	0.9811	0.9179	4.0837	0.9184	0.9111	1.8615	0.9199	1.0932	1.2399	0.917	0.9189	0.9198	0.9182	1.4594	0.9189	1.1784	1.6683	0	0.919	0.9175	0.9194	3.1472
  e	0.9289	0.9292	0.9294	0.9284	0.9291	0.9306	1.0742	0.9291	0.9287	1.8835	0.9292	1.3818	0.9294	0.9287	0.9293	0.9165	0.9288	0.9291	0.9143	0.9291	0.9186	0.9294	0.9053	0.9105	0.9307	0.9292	0.9288	0.927	0.9289	0.9258	0.9293	0.9272	0.9286	0.9291	0.9057	0.919	0	0.9289	0.9292	0.8964
  f	0.9288	0.9291	0.9292	0.9282	0.929	0.9307	0.8147	0.929	1.3923	1.3877	0.9291	0.9233	0.9293	0.9283	0.9292	0.9149	0.9287	0.9289	0.912	0.929	0.9174	0.9293	0.9024	0.9075	0.9308	0.9291	0.9286	0.9267	0.9287	0.925	0.9293	0.9269	0.9284	0.9289	0.903	0.9175	0.9289	0	0.9291	0.8927
  g	0.9291	0.9294	0.9295	0.9286	0.9292	0.9307	1.2456	0.9293	0.9287	0.9237	0.9294	0.9237	0.9296	0.9285	0.9294	0.9173	0.929	0.9292	0.9147	0.9293	0.9193	0.9295	0.9065	0.9108	0.9308	0.9293	0.929	0.9273	0.929	0.9256	0.9295	0.9274	0.9287	0.9292	0.907	0.9194	0.9292	0.9291	0	0.8982
  h	0.8972	0.8939	0.8946	0.8936	2.2424	0.8951	4.0666	0.8937	1.3426	0.9073	0.8935	0.9064	0.8944	0.9127	0.8965	0.8871	1.018	0.8931	1.3642	0.8936	3.3079	0.8941	1.1352	1.4291	0.8949	0.8954	0.9566	0.8941	0.897	0.9056	0.8938	1.3403	0.8976	0.8967	3.4943	3.1472	0.8964	0.8927	0.8982	0

Actual rates from j->i (Q_ij):
	A	B	C	D	E	F	G	H	I	J	K	L	M	N	O	P	Q	R	S	T	U	V	W	X	Y	Z	[	\	]	^	_	`	a	b	c	d	e	f	g	h
  A	0	0.0242	0.0242	0.0242	0.0242	0.0243	0.0216	0.0242	0.0242	0.0241	0.0242	0.0241	0.0242	0.0242	0.0242	0.0239	0.0242	0.0242	0.0239	0.0242	0.024	0.0242	0.0619	0.045	0.0243	0.0242	0.0242	0.0242	0.0242	0.0241	0.0242	0.0242	0.0242	0.0242	0.0237	0.024	0.0242	0.0242	0.0242	0.0234
  B	0.0269	0	0.0269	0.0269	0.0269	0.0269	0.0237	0.0269	0.0269	0.0267	0.0269	0.0374	0.0269	0.0269	0.0269	0.0265	0.0269	0.0269	0.03	0.0269	0.0266	0.0269	0.0261	0.0263	0.0269	0.0269	0.0269	0.0268	0.0269	0.0268	0.0269	0.0268	0.0269	0.0269	0.0262	0.0266	0.0269	0.0269	0.0269	0.0259
  C	0.0265	0.0265	0	0.0265	0.0265	0.0266	0.0234	0.0265	0.0265	0.0267	0.0265	0.0312	0.0265	0.0265	0.0265	0.0281	0.0265	0.0265	0.0261	0.0265	0.0262	0.0265	0.0258	0.0337	0.0266	0.0265	0.0265	0.0264	0.0265	0.0264	0.0265	0.0264	0.0265	0.0265	0.0258	0.0262	0.0265	0.0265	0.0265	0.0255
  D	0.0272	0.0272	0.0272	0	0.0272	0.0273	0.0239	0.0272	0.0272	0.0271	0.0272	0.0271	0.0273	0.0272	0.0272	0.0268	0.0273	0.0272	0.0268	0.0272	0.1891	0.0273	0.0397	0.0266	0.0273	0.0272	0.0272	0.0272	0.0272	0.0271	0.0272	0.0406	0.0272	0.0272	0.0265	0.0269	0.0272	0.0272	0.0272	0.0262
  E	0.0249	0.0249	0.0249	0.0249	0	0.025	0.0221	0.0249	0.0249	0.0248	0.0249	0.0248	0.0249	0.0249	0.0249	0.0246	0.0249	0.0249	0.0245	0.0249	0.0246	0.0249	0.0243	0.0244	0.025	0.0249	0.0249	0.0249	0.0249	0.0248	0.0249	0.0249	0.0249	0.0249	0.0243	0.0246	0.0249	0.0249	0.0249	0.0601
  F	0.0269	0.0269	0.0269	0.0269	0.0269	0	0.0237	0.0269	0.0269	0.0268	0.0269	0.0268	0.0269	0.0268	0.0269	0.0277	0.0269	0.0269	0.0264	0.0269	0.0265	0.0269	0.0262	0.0314	0.0376	0.0269	0.0269	0.0268	0.0269	0.0268	0.0269	0.0268	0.0269	0.0269	0.0261	0.0266	0.0269	0.0269	0.0269	0.0259
  G	0.0161	0.0159	0.016	0.0159	0.0161	0.016	0	0.0159	0.016	0.0292	0.0159	0.0494	0.016	0.1147	0.016	0.0158	0.016	0.0159	0.0951	0.0159	0.025	0.0159	0.0774	0.0247	0.016	0.0159	0.016	0.016	0.0242	0.0752	0.0159	0.0159	0.0243	0.0159	0.1081	0.0381	0.0209	0.0159	0.0243	0.0793
  H	0.027	0.027	0.027	0.027	0.027	0.0271	0.0238	0	0.027	0.0268	0.027	0.0403	0.027	0.027	0.027	0.0266	0.027	0.027	0.0265	0.027	0.0267	0.027	0.0263	0.0264	0.0271	0.027	0.027	0.027	0.027	0.0269	0.027	0.027	0.027	0.027	0.0263	0.0267	0.027	0.027	0.027	0.026
  I	0.0257	0.0257	0.0257	0.0257	0.0257	0.0258	0.0228	0.0257	0	0.0355	0.0373	0.048	0.0257	0.0257	0.0257	0.0254	0.0257	0.0257	0.0258	0.0257	0.0254	0.0257	0.0251	0.0466	0.0258	0.0257	0.0257	0.0257	0.0257	0.0259	0.0257	0.0257	0.0257	0.0259	0.0251	0.0254	0.0257	0.0386	0.0257	0.0372
  J	0.0192	0.0192	0.0195	0.0192	0.0192	0.0193	0.0312	0.0192	0.0266	0	0.0192	0.1193	0.0192	0.0235	0.0193	0.0194	0.0192	0.0384	0.0411	0.0192	0.0191	0.0192	0.029	0.1564	0.0193	0.0193	0.0193	0.0192	0.0192	0.049	0.0192	0.0234	0.0192	0.0199	0.019	0.0444	0.0392	0.0288	0.0192	0.0189
  K	0.0272	0.0272	0.0272	0.0272	0.0272	0.0273	0.0239	0.0272	0.0394	0.027	0	0.0301	0.0272	0.0272	0.0272	0.0268	0.0272	0.0272	0.0267	0.0272	0.0269	0.0272	0.0264	0.0266	0.0273	0.0272	0.0272	0.0271	0.0272	0.0271	0.0272	0.0271	0.0272	0.0272	0.0265	0.0269	0.0272	0.0272	0.0272	0.0262
  L	0.0198	0.0278	0.0235	0.0198	0.0198	0.0199	0.0544	0.0297	0.0372	0.1232	0.0221	0	0.0198	0.0199	0.0397	0.0216	0.0198	0.0198	0.0569	0.0198	0.0197	0.0198	0.0195	0.0832	0.0199	0.0199	0.02	0.0198	0.0397	0.0376	0.0198	0.0198	0.0198	0.0275	0.0195	0.027	0.0297	0.0198	0.0198	0.0195
  M	0.0267	0.0267	0.0267	0.0266	0.0267	0.0267	0.0235	0.0267	0.0266	0.0265	0.0267	0.0265	0	0.0266	0.0267	0.0263	0.0266	0.0267	0.0262	0.0267	0.0263	0.034	0.0259	0.0346	0.0267	0.0267	0.0266	0.0266	0.0266	0.0265	0.0305	0.0266	0.0266	0.0267	0.0259	0.0263	0.0267	0.0267	0.0267	0.0257
  N	0.0122	0.0122	0.0122	0.0122	0.0122	0.0122	0.0771	0.0122	0.0122	0.0148	0.0122	0.0121	0.0122	0	0.0122	0.0121	0.0122	0.0122	0.016	0.0122	0.0121	0.0122	0.012	0.0126	0.0122	0.0122	0.0122	0.0121	0.0122	0.0121	0.0122	0.018	0.0122	0.0122	0.012	0.0142	0.0122	0.0122	0.0122	0.012
  O	0.0272	0.0272	0.0273	0.0272	0.0272	0.0273	0.024	0.0272	0.0272	0.0272	0.0272	0.0542	0.0273	0.0272	0	0.0269	0.0272	0.0272	0.0268	0.0272	0.0269	0.0273	0.0269	0.0367	0.0273	0.0272	0.0272	0.0272	0.0272	0.0271	0.0272	0.0272	0.0272	0.0272	0.0276	0.0284	0.0272	0.0272	0.0272	0.0263
  P	0.0269	0.0268	0.0289	0.0268	0.0269	0.0281	0.0238	0.0268	0.0269	0.0274	0.0268	0.0295	0.0269	0.027	0.0269	0	0.0268	0.0268	0.0266	0.0268	0.0267	0.0269	0.0395	0.0478	0.0277	0.0268	0.0268	0.0268	0.0269	0.0269	0.0268	0.0268	0.0269	0.0268	0.0264	0.0267	0.0269	0.0268	0.0269	0.026
  Q	0.0266	0.0266	0.0266	0.0266	0.0266	0.0266	0.0234	0.0266	0.0266	0.0264	0.0266	0.0264	0.0266	0.0266	0.0266	0.0262	0	0.0266	0.0261	0.0266	0.0492	0.0266	0.0259	0.026	0.0266	0.0266	0.0266	0.0265	0.0266	0.0265	0.0266	0.0265	0.0266	0.0266	0.0392	0.0263	0.0266	0.0266	0.0266	0.0291
  R	0.0275	0.0275	0.0275	0.0275	0.0275	0.0275	0.0241	0.0275	0.0275	0.0546	0.0275	0.0273	0.0275	0.0275	0.0275	0.0271	0.0275	0	0.027	0.0275	0.0271	0.0275	0.0267	0.0268	0.0275	0.0275	0.0275	0.0274	0.0275	0.0274	0.0275	0.0274	0.0275	0.0275	0.0267	0.0271	0.0275	0.0275	0.0275	0.0264
  S	0.0135	0.0152	0.0134	0.0134	0.0134	0.0134	0.0717	0.0134	0.0137	0.0291	0.0134	0.0389	0.0134	0.0179	0.0134	0.0133	0.0134	0.0134	0	0.0134	0.0384	0.0134	0.0743	0.0478	0.0134	0.0134	0.0134	0.0318	0.0135	0.0136	0.0134	0.0164	0.0338	0.0203	0.0225	0.0144	0.0134	0.0134	0.0134	0.02
  T	0.0271	0.0271	0.0271	0.0271	0.0271	0.0272	0.0238	0.0271	0.0271	0.0269	0.0271	0.0269	0.0271	0.0271	0.0271	0.0267	0.0271	0.0271	0.0266	0	0.0268	0.0271	0.0264	0.0265	0.0272	0.0271	0.0271	0.0271	0.0271	0.0405	0.0271	0.0271	0.0271	0.0271	0.0264	0.0268	0.0271	0.0271	0.0271	0.0261
  U	0.017	0.017	0.017	0.1191	0.017	0.017	0.0237	0.017	0.017	0.017	0.017	0.0169	0.017	0.0171	0.017	0.0168	0.0317	0.017	0.0483	0.017	0	0.017	0.1758	0.0169	0.017	0.017	0.017	0.0169	0.017	0.017	0.017	0.0896	0.017	0.017	0.0481	0.0755	0.017	0.017	0.017	0.0611
  V	0.0269	0.0269	0.0269	0.0269	0.0269	0.027	0.0237	0.0269	0.0269	0.0268	0.0269	0.0267	0.0343	0.0269	0.0269	0.0265	0.0269	0.0269	0.0264	0.0269	0.0266	0	0.0262	0.0314	0.027	0.0269	0.0269	0.0269	0.0269	0.0268	0.0387	0.0269	0.0269	0.0269	0.0262	0.0266	0.0269	0.0269	0.0269	0.0259
  W	0.0369	0.0141	0.0141	0.0211	0.0141	0.0141	0.0618	0.0141	0.0141	0.0217	0.014	0.0141	0.0141	0.0143	0.0143	0.021	0.0141	0.014	0.0786	0.0141	0.1481	0.0141	0	0.0997	0.0141	0.0141	0.0141	0.0142	0.0141	0.0214	0.0141	0.0244	0.0141	0.0141	0.3964	0.0142	0.0141	0.014	0.0141	0.0177
  X	0.0302	0.0159	0.0207	0.0159	0.0159	0.0191	0.0222	0.0159	0.0295	0.1318	0.0159	0.0678	0.0211	0.0169	0.022	0.0286	0.0159	0.0159	0.057	0.0159	0.016	0.019	0.1123	0	0.0179	0.0166	0.0175	0.0205	0.0159	0.0333	0.0174	0.0166	0.0159	0.0196	0.0277	0.0326	0.0159	0.0159	0.016	0.025
  Y	0.027	0.027	0.027	0.027	0.027	0.0378	0.0238	0.027	0.027	0.0269	0.027	0.0269	0.0271	0.027	0.0271	0.0274	0.027	0.027	0.0266	0.027	0.0267	0.027	0.0263	0.0297	0	0.027	0.027	0.027	0.027	0.0269	0.027	0.027	0.027	0.027	0.0263	0.0267	0.027	0.027	0.027	0.026
  Z	0.027	0.027	0.027	0.027	0.027	0.0271	0.0238	0.027	0.027	0.027	0.027	0.027	0.027	0.027	0.027	0.0266	0.027	0.027	0.0266	0.027	0.0267	0.027	0.0263	0.0276	0.0271	0	0.027	0.027	0.027	0.0269	0.027	0.027	0.027	0.0374	0.0263	0.0318	0.027	0.027	0.027	0.026
  [	0.0266	0.0266	0.0266	0.0266	0.0266	0.0267	0.0235	0.0266	0.0266	0.0266	0.0266	0.0266	0.0266	0.0266	0.0266	0.0262	0.0266	0.0266	0.0262	0.0266	0.0263	0.0266	0.0259	0.0286	0.0267	0.0266	0	0.0265	0.0266	0.0265	0.0266	0.0266	0.0266	0.0267	0.0259	0.0355	0.0266	0.0266	0.0266	0.0274
  \	0.0259	0.0259	0.0259	0.0258	0.0259	0.0259	0.0229	0.0259	0.0259	0.0258	0.0259	0.0257	0.0259	0.0259	0.0259	0.0255	0.0259	0.0259	0.0603	0.0259	0.0256	0.0259	0.0254	0.0327	0.0259	0.0259	0.0259	0	0.0259	0.0258	0.0259	0.0258	0.0259	0.0259	0.0252	0.0256	0.0259	0.0259	0.0259	0.0249
  ]	0.0243	0.0243	0.0243	0.0242	0.0243	0.0243	0.0324	0.0243	0.0243	0.0242	0.0243	0.0483	0.0243	0.0242	0.0243	0.0239	0.0243	0.0243	0.0239	0.0243	0.024	0.0243	0.0237	0.0238	0.0243	0.0243	0.0243	0.0242	0	0.0242	0.0243	0.0242	0.0243	0.0243	0.0237	0.024	0.0243	0.0243	0.0243	0.0234
  ^	0.0161	0.0161	0.0161	0.0161	0.0161	0.0161	0.0671	0.0161	0.0162	0.041	0.0161	0.0304	0.0161	0.0161	0.0161	0.016	0.0161	0.0161	0.0161	0.0241	0.016	0.0161	0.0239	0.033	0.0161	0.0161	0.0161	0.0161	0.0161	0	0.0161	0.0161	0.0161	0.0162	0.0159	0.016	0.0161	0.0161	0.0161	0.0157
  _	0.0271	0.0271	0.0271	0.0271	0.0271	0.0272	0.0238	0.0271	0.0271	0.0269	0.0271	0.0269	0.031	0.0271	0.0271	0.0267	0.0271	0.0271	0.0266	0.0271	0.0268	0.039	0.0263	0.029	0.0272	0.0271	0.0271	0.027	0.0271	0.027	0	0.027	0.0271	0.0271	0.0264	0.0268	0.0271	0.0271	0.0271	0.0261
  `	0.0268	0.0268	0.0268	0.04	0.0268	0.0269	0.0236	0.0268	0.0268	0.0325	0.0268	0.0267	0.0268	0.0397	0.0268	0.0264	0.0268	0.0268	0.0322	0.0268	0.1402	0.0268	0.0453	0.0275	0.0269	0.0268	0.0268	0.0268	0.0268	0.0267	0.0268	0	0.0268	0.0268	0.0455	0.0422	0.0268	0.0268	0.0268	0.0388
  a	0.0237	0.0237	0.0237	0.0237	0.0237	0.0238	0.0318	0.0237	0.0237	0.0236	0.0237	0.0236	0.0237	0.0237	0.0237	0.0234	0.0237	0.0237	0.0589	0.0237	0.0235	0.0237	0.0232	0.0233	0.0238	0.0237	0.0237	0.0237	0.0237	0.0237	0.0237	0.0237	0	0.0237	0.0232	0.0235	0.0237	0.0237	0.0237	0.0229
  b	0.0271	0.0271	0.0271	0.0271	0.0271	0.0271	0.0238	0.0271	0.0272	0.0279	0.0271	0.0373	0.0271	0.0271	0.0271	0.0267	0.0271	0.0271	0.0402	0.0271	0.0268	0.0271	0.0263	0.0326	0.0271	0.0375	0.0271	0.027	0.0271	0.0272	0.0271	0.027	0.0271	0	0.0264	0.0344	0.0271	0.0271	0.0271	0.0261
  c	0.0091	0.0091	0.0091	0.0091	0.0091	0.0091	0.0558	0.0091	0.0091	0.0092	0.0091	0.0092	0.0091	0.0092	0.0095	0.0091	0.0138	0.0091	0.0154	0.0091	0.0261	0.0091	0.2561	0.0159	0.0091	0.0091	0.0091	0.0091	0.0091	0.0092	0.0091	0.0158	0.0091	0.0091	0	0.0168	0.0091	0.0091	0.0091	0.0351
  d	0.0199	0.0198	0.0199	0.0198	0.0198	0.0199	0.0422	0.0198	0.0198	0.0461	0.0198	0.0272	0.0198	0.0234	0.0209	0.0197	0.0198	0.0198	0.0212	0.0198	0.0882	0.0198	0.0197	0.0402	0.0199	0.0236	0.0268	0.0198	0.0198	0.0199	0.0198	0.0315	0.0198	0.0255	0.036	0	0.0199	0.0198	0.0199	0.068
  e	0.025	0.025	0.025	0.025	0.025	0.025	0.0289	0.025	0.025	0.0507	0.025	0.0372	0.025	0.025	0.025	0.0247	0.025	0.025	0.0246	0.025	0.0247	0.025	0.0244	0.0245	0.0251	0.025	0.025	0.025	0.025	0.0249	0.025	0.025	0.025	0.025	0.0244	0.0247	0	0.025	0.025	0.0241
  f	0.0277	0.0277	0.0277	0.0277	0.0277	0.0278	0.0243	0.0277	0.0415	0.0414	0.0277	0.0276	0.0277	0.0277	0.0277	0.0273	0.0277	0.0277	0.0272	0.0277	0.0274	0.0277	0.0269	0.0271	0.0278	0.0277	0.0277	0.0277	0.0277	0.0276	0.0277	0.0277	0.0277	0.0277	0.0269	0.0274	0.0277	0	0.0277	0.0266
  g	0.0235	0.0235	0.0235	0.0235	0.0235	0.0235	0.0315	0.0235	0.0235	0.0234	0.0235	0.0234	0.0235	0.0235	0.0235	0.0232	0.0235	0.0235	0.0231	0.0235	0.0233	0.0235	0.0229	0.023	0.0235	0.0235	0.0235	0.0235	0.0235	0.0234	0.0235	0.0235	0.0235	0.0235	0.0229	0.0233	0.0235	0.0235	0	0.0227
  h	0.0143	0.0143	0.0143	0.0143	0.0358	0.0143	0.065	0.0143	0.0215	0.0145	0.0143	0.0145	0.0143	0.0146	0.0143	0.0142	0.0163	0.0143	0.0218	0.0143	0.0529	0.0143	0.0181	0.0228	0.0143	0.0143	0.0153	0.0143	0.0143	0.0145	0.0143	0.0214	0.0143	0.0143	0.0559	0.0503	0.0143	0.0143	0.0144	0
